13 0.301633 0.361645 0.093101 0.152191
13 0.708964 0.361549 0.091371 0.161222
9 0.390409 0.208301 0.085748 0.143351
9 0.386354 0.358859 0.081315 0.148924
9 0.381974 0.519889 0.087478 0.160069
9 0.377865 0.793236 0.083153 0.210992
10 0.473237 0.215411 0.081207 0.153344
10 0.466371 0.367121 0.072448 0.147771
10 0.461667 0.522098 0.073205 0.164489
10 0.460478 0.793812 0.083153 0.220984
11 0.547956 0.212145 0.076881 0.151038
11 0.542658 0.365968 0.077530 0.150077
11 0.539522 0.526038 0.077530 0.170061
11 0.540766 0.790450 0.084991 0.223482
12 0.624567 0.209839 0.075043 0.153344
12 0.622351 0.527095 0.078179 0.163336
12 0.619269 0.365392 0.075692 0.146618
12 0.623973 0.793716 0.082504 0.230015