9 0.513895 0.182071 0.107591 0.211184
9 0.529250 0.365968 0.088127 0.221176
9 0.526114 0.558321 0.099373 0.198885
9 0.513571 0.875961 0.096994 0.241161
10 0.602076 0.199366 0.070069 0.205419
10 0.607645 0.385953 0.071259 0.198885
10 0.606077 0.561587 0.069420 0.185434
11 0.667063 0.221560 0.076341 0.187932
11 0.668307 0.383743 0.071259 0.163336
11 0.669550 0.556015 0.057526 0.172367
12 0.730861 0.232706 0.076341 0.174481
12 0.734321 0.397675 0.069420 0.175442
12 0.743026 0.566007 0.078179 0.158916
13 0.799957 0.402671 0.074394 0.158916
13 0.425443 0.353190 0.099373 0.204458
10 0.591750 0.864912 0.076881 0.243274
11 0.662413 0.852133 0.079369 0.248847
12 0.728968 0.826576 0.073854 0.240008