9 0.359483 0.219350 0.082504 0.138932
9 0.353157 0.372694 0.086289 0.152383
9 0.346994 0.532187 0.092561 0.157763
10 0.438527 0.224923 0.084451 0.154304
10 0.431066 0.372694 0.079477 0.158916
10 0.431715 0.526038 0.071907 0.154304
11 0.514165 0.220503 0.074394 0.145465
11 0.510759 0.368274 0.077530 0.161222
11 0.508002 0.521618 0.080666 0.158916
12 0.587695 0.519408 0.081315 0.174481
12 0.583586 0.363759 0.073097 0.163336
12 0.587370 0.222713 0.076990 0.154497
9 0.350670 0.812164 0.080017 0.208878
10 0.432256 0.804381 0.083153 0.215603
11 0.514544 0.802748 0.083802 0.218870
12 0.595156 0.802171 0.084991 0.220023
13 0.265949 0.368851 0.095696 0.166603
13 0.666793 0.362125 0.073205 0.164297