12 0.693015 0.241065 0.074394 0.186587
12 0.694258 0.412183 0.076881 0.153344
9 0.465128 0.214931 0.082504 0.196580
11 0.623919 0.239335 0.080017 0.198885
10 0.547037 0.225404 0.072448 0.195619
11 0.623000 0.410453 0.070610 0.158724
9 0.462911 0.394312 0.086938 0.151038
10 0.546388 0.402671 0.075043 0.172367
9 0.458910 0.571580 0.097535 0.161222
10 0.543577 0.573789 0.075692 0.156802
11 0.621756 0.579939 0.075692 0.151038
12 0.700530 0.579842 0.074503 0.137779
13 0.765571 0.408724 0.074394 0.164489
13 0.363214 0.384896 0.101211 0.200999
9 0.448583 0.869331 0.100670 0.225596
10 0.530763 0.861645 0.077530 0.225596
11 0.609537 0.856072 0.081315 0.225596
12 0.683337 0.845984 0.080125 0.221176