0 0.121864 0.329362 0.061202 0.109915
0 0.107158 0.467717 0.056877 0.119908
0 0.088722 0.602133 0.053741 0.128939
0 0.069042 0.734339 0.056985 0.124327
1 0.116566 0.745484 0.056877 0.128939
1 0.135272 0.598770 0.058175 0.133359
1 0.153439 0.458782 0.053201 0.135473
1 0.171875 0.321003 0.048767 0.128939
2 0.213776 0.316007 0.051254 0.121253
2 0.199124 0.450999 0.048119 0.126826
2 0.184418 0.597617 0.055039 0.131053
2 0.168793 0.750480 0.051254 0.141238
3 0.216641 0.754324 0.054390 0.140085
3 0.231942 0.597041 0.052552 0.132206
3 0.244431 0.453209 0.048767 0.131245
3 0.256596 0.307744 0.046929 0.117794
4 0.304444 0.301018 0.052444 0.126633
4 0.291631 0.449366 0.053201 0.130092
4 0.280385 0.595984 0.055580 0.134320
4 0.267247 0.757206 0.059364 0.147771
5 0.352617 0.290450 0.057526 0.125480
5 0.339749 0.447156 0.059472 0.134512
5 0.329747 0.593774 0.061959 0.136818
5 0.323475 0.755477 0.059364 0.155457
6 0.405385 0.279881 0.058175 0.135473
6 0.392896 0.442640 0.055688 0.147771
6 0.384191 0.590988 0.063149 0.137779
6 0.380082 0.747598 0.061202 0.157763
7 0.460099 0.269985 0.056228 0.142198
7 0.448854 0.435434 0.057526 0.144504
7 0.440744 0.579939 0.061202 0.144504
7 0.436040 0.754324 0.059364 0.157763
8 0.517031 0.262106 0.061311 0.139892
8 0.503568 0.429862 0.059472 0.142198
8 0.498270 0.577633 0.065095 0.151038
8 0.499513 0.756533 0.068880 0.164489
9 0.576125 0.252114 0.056877 0.142198
9 0.563257 0.422079 0.063798 0.146618
9 0.561419 0.583205 0.063798 0.139892
9 0.562067 0.756533 0.073746 0.164489
10 0.635813 0.752114 0.067474 0.166795
10 0.626135 0.573885 0.064338 0.147771
10 0.628676 0.419389 0.063149 0.145465
10 0.639598 0.246541 0.062500 0.151038
11 0.709288 0.229919 0.065636 0.144312
11 0.695502 0.407667 0.064446 0.157763
11 0.701449 0.574366 0.067474 0.159877
11 0.712695 0.756533 0.075043 0.171022
12 0.784602 0.214354 0.063798 0.151230
12 0.768058 0.394889 0.074394 0.149885
12 0.775249 0.559954 0.067582 0.164489
12 0.794280 0.750480 0.078179 0.176595
13 0.311959 0.928228 0.056228 0.141238
13 0.371972 0.928805 0.053849 0.137779