0 0.269734 0.806591 0.095696 0.206572
0 0.236592 0.560530 0.088235 0.183321
0 0.217182 0.353190 0.088127 0.193313
0 0.211289 0.140949 0.080017 0.168909
1 0.280655 0.158244 0.071259 0.167756
1 0.286927 0.360492 0.077530 0.172175
1 0.310391 0.556591 0.079477 0.177748
1 0.342615 0.786606 0.082504 0.188893
2 0.407872 0.767102 0.063149 0.212145
2 0.373811 0.549962 0.070069 0.173328
2 0.350400 0.362125 0.070610 0.162375
2 0.335694 0.161510 0.056337 0.170061
3 0.396951 0.179381 0.058824 0.176595
3 0.407926 0.366545 0.065636 0.157763
3 0.432634 0.550538 0.063798 0.163336
3 0.469831 0.757110 0.068123 0.174481
4 0.446367 0.192736 0.054931 0.161030
4 0.459505 0.370484 0.055039 0.149885
4 0.487295 0.546022 0.053093 0.161222
4 0.523573 0.742121 0.058175 0.173328
5 0.490160 0.199366 0.051254 0.145465
5 0.506704 0.375961 0.044334 0.150077
5 0.532331 0.541026 0.051903 0.160069
5 0.572394 0.729343 0.048119 0.170061
6 0.534224 0.207725 0.048119 0.142198
6 0.555471 0.379420 0.055580 0.138932
6 0.581153 0.537183 0.060662 0.150077
7 0.623000 0.535453 0.045740 0.148924
7 0.596724 0.378843 0.046821 0.140085
7 0.577044 0.220984 0.047470 0.135665
8 0.609862 0.224923 0.039360 0.121253
8 0.633921 0.377114 0.047470 0.134320
9 0.650843 0.236549 0.041306 0.119908
12 0.799362 0.526038 0.031899 0.130092
12 0.752433 0.261626 0.043144 0.098962
10 0.688689 0.241545 0.034386 0.109915
6 0.617377 0.711568 0.055688 0.158724
7 0.659872 0.703209 0.046821 0.157763
8 0.697394 0.698213 0.043144 0.150077
9 0.739565 0.694370 0.043793 0.135473
8 0.776168 0.683801 0.038062 0.125480
11 0.804606 0.680438 0.033737 0.132206
12 0.840885 0.677748 0.038819 0.133359
8 0.663657 0.531034 0.049416 0.135473
9 0.700854 0.530457 0.048767 0.132398
10 0.734267 0.530938 0.031899 0.142198
11 0.770545 0.525461 0.039360 0.131245
9 0.672091 0.382110 0.042496 0.128939
10 0.705828 0.381630 0.031250 0.121061
11 0.737078 0.379900 0.038819 0.111068
12 0.772437 0.380477 0.041847 0.105688
11 0.716804 0.245965 0.034386 0.103382
13 0.606780 0.916026 0.060662 0.158724
13 0.664252 0.906034 0.056877 0.174481