12 0.638949 0.146522 0.070069 0.135473
12 0.633002 0.313797 0.070718 0.154497
12 0.636138 0.513739 0.073097 0.170061
12 0.654250 0.730496 0.089425 0.198885
11 0.580774 0.729343 0.070069 0.198885
11 0.570772 0.519889 0.061311 0.166603
11 0.569853 0.330419 0.063149 0.147771
11 0.578612 0.161030 0.056877 0.139892
10 0.528276 0.183321 0.051362 0.142198
10 0.519518 0.343774 0.048767 0.141045
10 0.513895 0.525461 0.056337 0.153151
10 0.525141 0.725980 0.058715 0.185626
9 0.464803 0.735396 0.054390 0.182168
9 0.458532 0.534973 0.059364 0.154497
9 0.464479 0.357129 0.055039 0.136626
9 0.477941 0.195523 0.060554 0.126633
8 0.431661 0.205995 0.045631 0.134512
8 0.417604 0.368274 0.044983 0.136626
8 0.407007 0.539873 0.046280 0.148924
8 0.410737 0.726556 0.050065 0.182168
13 0.259407 0.914873 0.058824 0.161030
13 0.319420 0.913240 0.062500 0.166603
7 0.363214 0.731072 0.046280 0.168909
7 0.361970 0.542179 0.045091 0.148924
7 0.372297 0.374904 0.044334 0.125673
7 0.387597 0.217141 0.047470 0.132206
6 0.345102 0.228766 0.037522 0.124327
6 0.326936 0.391045 0.045091 0.135665
6 0.317853 0.551018 0.041847 0.140085
6 0.316285 0.725500 0.040009 0.166603
5 0.274113 0.727709 0.045631 0.151038
5 0.276006 0.552652 0.044442 0.129900
5 0.287251 0.403248 0.043144 0.133167
5 0.307256 0.246061 0.041847 0.118947
4 0.268815 0.249424 0.028763 0.123367
4 0.249730 0.412663 0.039468 0.125480
4 0.241241 0.561587 0.046280 0.138932
4 0.230374 0.731553 0.043144 0.154497
3 0.188473 0.731553 0.041955 0.149885
3 0.198800 0.567160 0.043793 0.145465
3 0.211884 0.416026 0.038819 0.132206
3 0.235673 0.268255 0.036224 0.123367
2 0.201881 0.275461 0.035035 0.106649
2 0.179715 0.429381 0.034386 0.116641
2 0.163441 0.570427 0.039468 0.127786
2 0.155980 0.733282 0.036873 0.155650
1 0.118134 0.732610 0.043793 0.147771
1 0.130623 0.574942 0.036332 0.129900
1 0.148140 0.438221 0.041306 0.125480
1 0.171226 0.285453 0.037522 0.115488
0 0.132840 0.296503 0.041847 0.111068
0 0.104347 0.449942 0.044983 0.104343
0 0.091533 0.584839 0.033196 0.116641
0 0.080288 0.739912 0.036873 0.142390