0 0.183769 0.136049 0.095048 0.161030
0 0.195015 0.313797 0.100022 0.176787
0 0.199719 0.493755 0.103157 0.170061
0 0.195340 0.816583 0.096994 0.264604
1 0.292225 0.485492 0.088127 0.168909
1 0.287251 0.791026 0.089425 0.242314
1 0.289738 0.313797 0.083153 0.183321
1 0.276925 0.151038 0.081315 0.155650
2 0.358240 0.161030 0.075043 0.155650
2 0.375054 0.315430 0.072556 0.171214
2 0.382623 0.484339 0.072556 0.160069
2 0.381650 0.772098 0.094399 0.226749
3 0.447610 0.314950 0.073854 0.165642
3 0.433229 0.157091 0.072556 0.145465
3 0.457937 0.476076 0.070718 0.156610
3 0.455450 0.751633 0.086938 0.218870
4 0.520491 0.312068 0.066933 0.153344
4 0.528276 0.478766 0.061311 0.175442
4 0.525789 0.739335 0.078828 0.190046
4 0.504812 0.177652 0.064338 0.155457
5 0.567042 0.183224 0.062500 0.151230
5 0.585478 0.324942 0.056985 0.154497
5 0.598021 0.460992 0.054390 0.133359
5 0.592344 0.722713 0.079369 0.183321
6 0.658034 0.710992 0.073205 0.191007
6 0.657385 0.463874 0.065636 0.143351
6 0.644301 0.316583 0.060662 0.128939
6 0.626081 0.183224 0.056877 0.148924
7 0.684310 0.205419 0.049416 0.144504
7 0.704585 0.323789 0.056228 0.121061
7 0.718966 0.462145 0.057526 0.142198
7 0.712100 0.703305 0.061311 0.193313
8 0.776492 0.692064 0.072448 0.180054
8 0.781520 0.462145 0.067582 0.135665
8 0.765841 0.321003 0.064987 0.126633
8 0.742106 0.192640 0.066176 0.125480
9 0.845318 0.105976 0.048767 0.105496
9 0.873702 0.223866 0.050606 0.112221
10 0.886192 0.122694 0.038170 0.101268
9 0.935608 0.415930 0.048119 0.127786
11 0.951881 0.266622 0.036981 0.108955
10 0.979077 0.417756 0.037522 0.133359
10 0.917496 0.259896 0.044334 0.106649
11 0.919064 0.133839 0.038819 0.105496
12 0.936581 0.034397 0.036224 0.068793
12 0.956261 0.146042 0.036873 0.101076
12 0.986862 0.276038 0.026925 0.103190