8 0.810121 0.244816 0.095156 0.147849
8 0.819204 0.415323 0.113322 0.175499
8 0.822664 0.597158 0.117647 0.198925
7 0.717020 0.261521 0.097535 0.156682
7 0.712587 0.427035 0.093858 0.176651
7 0.717993 0.611367 0.099481 0.178955
6 0.634624 0.287634 0.084559 0.166667
6 0.629433 0.453533 0.086289 0.156682
6 0.629109 0.622120 0.096886 0.184332
5 0.554498 0.297043 0.075692 0.165515
5 0.547362 0.465822 0.073962 0.161290
5 0.544875 0.626344 0.076341 0.164363
4 0.477941 0.317012 0.082612 0.145545
4 0.472318 0.480991 0.080017 0.177803
4 0.466047 0.647657 0.083910 0.182412
3 0.413819 0.338710 0.074611 0.159754
3 0.401708 0.499808 0.076341 0.157834
3 0.394356 0.645353 0.070718 0.160138
2 0.349373 0.359831 0.068123 0.168971
2 0.335965 0.511521 0.063798 0.158986
2 0.325908 0.655338 0.066176 0.153226
1 0.286765 0.361367 0.061851 0.152074
1 0.267734 0.518241 0.068772 0.145545
1 0.259299 0.662442 0.067042 0.134409
0 0.226752 0.384409 0.066825 0.124424
0 0.200151 0.523618 0.072448 0.130184
0 0.186743 0.665899 0.081964 0.139017