10 0.338830 0.136530 0.088776 0.208878
2 0.429174 0.136530 0.081964 0.168909
8 0.521734 0.168812 0.075692 0.151230
4 0.599859 0.190430 0.056985 0.143351
8 0.662738 0.212145 0.052552 0.122214
7 0.722426 0.222041 0.041955 0.117794
0 0.410089 0.274308 0.093750 0.191199
11 0.507353 0.293236 0.075692 0.171022
2 0.579531 0.308801 0.060013 0.164489
6 0.657061 0.328786 0.058715 0.162183
6 0.720210 0.334358 0.055039 0.148732
0 0.777736 0.342717 0.062608 0.136626
11 0.426957 0.453786 0.093750 0.218870
5 0.522059 0.459358 0.080017 0.190046
6 0.621432 0.464931 0.070069 0.187740
4 0.712100 0.473770 0.062608 0.172367
2 0.778979 0.481553 0.051254 0.163336