0 0.192798 0.173809 0.056877 0.147771
0 0.181877 0.358762 0.049957 0.142198
0 0.183769 0.525942 0.053741 0.143351
0 0.189663 0.709935 0.056877 0.155457
1 0.247837 0.708205 0.053201 0.158916
1 0.235673 0.523732 0.060013 0.147771
1 0.234429 0.357129 0.056228 0.141238
1 0.247243 0.175538 0.053093 0.137779
2 0.299416 0.172079 0.051254 0.140085
2 0.289414 0.355976 0.055039 0.138932
2 0.291631 0.524404 0.051903 0.144504
2 0.301903 0.708205 0.057526 0.156610
3 0.360078 0.701576 0.054931 0.158724
3 0.345102 0.521522 0.061311 0.141045
3 0.344723 0.354919 0.051903 0.136818
3 0.351644 0.169389 0.054498 0.136626
4 0.402898 0.171503 0.051903 0.136626
4 0.398194 0.354919 0.055039 0.138739
4 0.401979 0.518832 0.053741 0.139892
5 0.453882 0.517679 0.053741 0.139892
4 0.416090 0.702152 0.063149 0.153344
5 0.471670 0.693793 0.061851 0.161222
6 0.506704 0.514316 0.059472 0.140085
6 0.501730 0.351076 0.058175 0.142198
6 0.508596 0.179862 0.055688 0.144504
6 0.525465 0.691583 0.058067 0.149885
5 0.448583 0.352709 0.059364 0.141238
5 0.452909 0.174865 0.055688 0.141045
7 0.557688 0.174289 0.053741 0.133359
7 0.555147 0.347713 0.053849 0.135473
7 0.563311 0.517102 0.058715 0.141045
7 0.579855 0.689854 0.064338 0.151038
8 0.637381 0.693793 0.058067 0.154304
8 0.616404 0.516045 0.060013 0.150077
8 0.608942 0.346080 0.058715 0.143351
8 0.608942 0.173232 0.056337 0.140085
9 0.659602 0.343198 0.058824 0.133359
9 0.660846 0.173809 0.061311 0.152383
9 0.669929 0.512683 0.060662 0.145657
9 0.691176 0.692640 0.069420 0.167756
10 0.747729 0.697636 0.065095 0.168909
10 0.724913 0.513259 0.065744 0.146810
10 0.711776 0.339835 0.056985 0.146618
10 0.710856 0.171599 0.063798 0.143351
11 0.762111 0.173809 0.066176 0.147771
11 0.763679 0.338778 0.059364 0.148732
11 0.777411 0.508263 0.060662 0.152191
11 0.800876 0.687164 0.062608 0.152191
12 0.858402 0.688797 0.060013 0.162375
12 0.832450 0.507110 0.065636 0.152191
12 0.821853 0.333782 0.060662 0.143351
12 0.816501 0.172079 0.061202 0.140085
13 0.485132 0.881630 0.064987 0.163336
13 0.543631 0.872118 0.060662 0.160069