0 0.209072 0.249904 0.054390 0.128939
0 0.182850 0.399981 0.061851 0.126633
0 0.166847 0.543812 0.063798 0.138739
0 0.161603 0.719350 0.060662 0.165450
1 0.235024 0.537759 0.052444 0.148924
1 0.226590 0.712625 0.050714 0.170061
1 0.241295 0.394312 0.047470 0.119908
1 0.261300 0.244908 0.043793 0.116641
2 0.290333 0.715507 0.068123 0.160069
2 0.287846 0.538240 0.058175 0.136818
2 0.297524 0.387683 0.055039 0.124327
2 0.314771 0.240488 0.050606 0.114335
3 0.352292 0.714354 0.064446 0.166603
3 0.346345 0.534877 0.058824 0.130092
3 0.346670 0.386530 0.050606 0.120100
3 0.361321 0.241545 0.052444 0.112221
4 0.412576 0.242698 0.047470 0.112221
4 0.396951 0.384320 0.052552 0.122214
4 0.401060 0.532091 0.050606 0.135665
4 0.411981 0.707148 0.054931 0.154497
5 0.468858 0.704266 0.063798 0.153344
5 0.455774 0.526038 0.056228 0.130092
5 0.450746 0.383743 0.055039 0.121061
5 0.458261 0.242698 0.047578 0.109915
6 0.528871 0.695427 0.062500 0.139892
6 0.511408 0.527767 0.060013 0.137779
6 0.503893 0.383167 0.056228 0.122214
6 0.507029 0.245484 0.057526 0.115488
7 0.588884 0.695427 0.063798 0.139892
7 0.565798 0.524308 0.063689 0.140085
7 0.556715 0.378267 0.055688 0.116641
7 0.557039 0.244812 0.052444 0.112221
8 0.648032 0.698789 0.068123 0.151230
8 0.623594 0.518736 0.064446 0.137779
8 0.608888 0.371061 0.057526 0.122214
8 0.602346 0.237702 0.053093 0.115680
9 0.706747 0.689950 0.069420 0.168909
9 0.678363 0.518255 0.064987 0.138739
9 0.662089 0.374327 0.065095 0.135665
9 0.655493 0.238278 0.055580 0.114527
10 0.700854 0.237125 0.056337 0.123367
10 0.714911 0.366545 0.059364 0.126633
10 0.733672 0.514892 0.055580 0.136626
10 0.766490 0.679381 0.062608 0.150077
11 0.832126 0.679381 0.064987 0.147771
11 0.790279 0.510473 0.066285 0.134320
11 0.765571 0.363278 0.055580 0.128939
11 0.749946 0.227709 0.053093 0.108762
12 0.804606 0.229343 0.062500 0.121253
12 0.819637 0.359339 0.067474 0.125673
12 0.850887 0.509896 0.080017 0.142390
12 0.899059 0.682168 0.069961 0.155650
13 0.483888 0.893255 0.084991 0.175442
13 0.554228 0.880380 0.075584 0.178901