10 0.164035 0.186587 0.086938 0.171022
2 0.242863 0.183224 0.093209 0.171214
8 0.326936 0.183801 0.081207 0.158916
0 0.403222 0.184858 0.080017 0.163336
10 0.485727 0.181015 0.080017 0.162183
4 0.564230 0.169389 0.080666 0.158916
13 0.641760 0.165450 0.086938 0.162183
7 0.723670 0.166603 0.076881 0.164489
2 0.796172 0.161606 0.070718 0.161030
0 0.151546 0.355496 0.101968 0.155650
7 0.240376 0.352133 0.085640 0.157763
5 0.324719 0.347137 0.080666 0.152383
8 0.408521 0.345984 0.085640 0.147771
0 0.492647 0.339835 0.080017 0.146618
11 0.569853 0.332148 0.083261 0.151230
12 0.652357 0.327152 0.080666 0.154304
8 0.731455 0.314374 0.076233 0.155650
3 0.813689 0.307168 0.073097 0.158916
11 0.166252 0.526614 0.103698 0.155457
5 0.248486 0.516622 0.080666 0.160069
3 0.338235 0.516526 0.075043 0.155650
13 0.420740 0.509320 0.092561 0.167756
10 0.505407 0.501633 0.074394 0.170061
0 0.587641 0.496061 0.082504 0.170061
9 0.673659 0.496541 0.085640 0.184473
7 0.752433 0.481553 0.075584 0.165642
6 0.836830 0.476556 0.084343 0.162183
4 0.158737 0.817160 0.076341 0.218870
12 0.246918 0.807648 0.080125 0.213297
2 0.329747 0.802652 0.088127 0.220984
1 0.414198 0.793236 0.089425 0.235588
7 0.498594 0.787759 0.080666 0.240008
6 0.581153 0.784301 0.083153 0.231168
11 0.661440 0.771042 0.084991 0.217717
8 0.747135 0.769889 0.078828 0.233474
6 0.835262 0.757590 0.101319 0.240008