8 0.811743 0.225422 0.130839 0.211214
8 0.799957 0.444124 0.123270 0.200077
8 0.815203 0.687020 0.139057 0.228111
7 0.696259 0.260369 0.111375 0.196621
7 0.691933 0.468702 0.110078 0.195469
7 0.685986 0.679916 0.108131 0.195469
6 0.593426 0.282642 0.085640 0.178955
6 0.583369 0.494240 0.090614 0.184332
6 0.588992 0.695853 0.116998 0.192012
5 0.512651 0.326613 0.090614 0.175499
5 0.495999 0.509793 0.076341 0.170891
5 0.489836 0.693740 0.077422 0.167819
4 0.422253 0.522465 0.082396 0.165515
4 0.435770 0.339286 0.064446 0.152458
4 0.412630 0.708717 0.074394 0.162442
3 0.375649 0.376344 0.067042 0.146697
3 0.354671 0.540323 0.071367 0.158986
3 0.350022 0.709293 0.070718 0.156682
2 0.313041 0.393049 0.062067 0.160138
2 0.292712 0.554724 0.063798 0.147849
2 0.281466 0.714862 0.061202 0.147849
1 0.252054 0.402650 0.061202 0.147849
1 0.230536 0.559332 0.064446 0.143241
1 0.221345 0.719278 0.053849 0.147465
0 0.193231 0.411098 0.057742 0.155530
0 0.170415 0.565284 0.067042 0.142089
0 0.160467 0.715822 0.065744 0.132104