10 0.240701 0.374327 0.092561 0.153344
2 0.333478 0.367121 0.091912 0.152383
8 0.440744 0.353190 0.087587 0.153344
4 0.537684 0.349923 0.072556 0.159877
8 0.626460 0.338201 0.078828 0.154497
7 0.703990 0.333782 0.072556 0.158724
0 0.298821 0.518832 0.100022 0.144504
11 0.402952 0.513739 0.089425 0.147771
2 0.497946 0.498847 0.086938 0.153344
6 0.593317 0.494908 0.080017 0.161222
6 0.679282 0.489335 0.079369 0.158916
0 0.766490 0.476076 0.085099 0.167756
11 0.300984 0.692160 0.111916 0.151038
5 0.406628 0.677075 0.094399 0.167756
6 0.528547 0.663816 0.098183 0.165450
4 0.646734 0.656514 0.079369 0.177748
3 0.748378 0.644889 0.087587 0.169869
7 0.411981 0.950519 0.098832 0.098962
3 0.521086 0.947733 0.095588 0.124520
10 0.632029 0.939854 0.091263 0.133359
12 0.723021 0.938221 0.093101 0.138932