10 0.185932 0.254900 0.116890 0.203497
2 0.302228 0.248271 0.114403 0.185626
8 0.430742 0.237125 0.122513 0.196772
4 0.552336 0.234339 0.106834 0.186587
8 0.668307 0.226076 0.107591 0.187740
7 0.769950 0.220984 0.093101 0.184473
0 0.247243 0.439854 0.133110 0.215603
11 0.378839 0.429381 0.121215 0.218870
2 0.501676 0.422752 0.118188 0.214450
6 0.631434 0.414873 0.111267 0.223290
6 0.736484 0.408244 0.105104 0.223482
0 0.864025 0.389892 0.132461 0.210992
11 0.237835 0.657763 0.141977 0.244427
5 0.374784 0.647098 0.133218 0.238855
6 0.537954 0.632110 0.121972 0.246541
4 0.703990 0.620484 0.112565 0.256726
2 0.834343 0.610972 0.120675 0.257686