10 0.220642 0.274981 0.083802 0.143351
2 0.298497 0.270465 0.074503 0.123174
8 0.371648 0.267198 0.078071 0.127786
0 0.447016 0.266045 0.076341 0.134320
10 0.518599 0.261049 0.079369 0.126633
4 0.590182 0.258167 0.071367 0.127786
13 0.663008 0.257206 0.076881 0.127786
7 0.738051 0.252690 0.073205 0.123367
2 0.808715 0.250480 0.073097 0.121253
0 0.205342 0.402671 0.090614 0.152383
7 0.286008 0.398828 0.080666 0.148924
5 0.365376 0.393159 0.068123 0.133359
8 0.442907 0.398828 0.075692 0.137779
0 0.524870 0.392679 0.069420 0.141238
11 0.599211 0.392102 0.076881 0.135473
12 0.679552 0.388836 0.077530 0.135473
8 0.754920 0.381053 0.071907 0.142198
3 0.835586 0.375480 0.071907 0.142198
11 0.204423 0.562068 0.100022 0.162183
5 0.288495 0.563221 0.089317 0.164489
3 0.372946 0.561011 0.091912 0.180054
13 0.457937 0.552652 0.080666 0.176787
10 0.536711 0.549289 0.081856 0.176595
0 0.618945 0.546022 0.093858 0.181207
10 0.703071 0.539297 0.091912 0.176595
7 0.782439 0.525461 0.081964 0.177748
6 0.867431 0.529881 0.086938 0.175442
4 0.172524 0.858282 0.092452 0.216564
12 0.268166 0.862125 0.081315 0.217717
2 0.361321 0.848290 0.088776 0.221176
1 0.448854 0.845984 0.091263 0.236549
7 0.533629 0.839931 0.103157 0.233282
6 0.613917 0.834935 0.090074 0.225596
11 0.702368 0.826576 0.100670 0.231168
8 0.785575 0.813797 0.081964 0.223290
6 0.872513 0.802171 0.091912 0.211184