2 0.697718 0.164873 0.100022 0.154497
7 0.614890 0.183224 0.084451 0.164297
13 0.534818 0.214931 0.079369 0.170061
4 0.464533 0.253267 0.068772 0.139892
10 0.396951 0.275461 0.067474 0.128939
0 0.333802 0.293236 0.057526 0.124520
8 0.271951 0.313797 0.056228 0.134512
2 0.216587 0.335415 0.055580 0.126633
10 0.158791 0.349923 0.064987 0.124520
3 0.708964 0.335415 0.103698 0.157763
8 0.613971 0.356649 0.091263 0.153344
12 0.540171 0.384896 0.077530 0.143351
11 0.463614 0.407091 0.083153 0.125480
0 0.393220 0.426595 0.060013 0.133359
8 0.327855 0.452633 0.063149 0.130092
5 0.265084 0.459262 0.055039 0.112221
7 0.209072 0.478286 0.060662 0.109915
0 0.153168 0.490968 0.048767 0.113374
6 0.736159 0.513739 0.089317 0.190046
7 0.641436 0.534397 0.075043 0.151038
9 0.556391 0.554862 0.083802 0.147771
0 0.481347 0.563701 0.055039 0.147771
10 0.406358 0.582629 0.076341 0.121061
13 0.338181 0.596560 0.066285 0.128939
3 0.277574 0.610396 0.052552 0.136626
5 0.214425 0.620388 0.058824 0.116641
11 0.155926 0.632686 0.075692 0.130092
4 0.167225 0.866065 0.060662 0.183321
12 0.225670 0.869331 0.061202 0.203305
2 0.285359 0.863278 0.059472 0.217717
1 0.346021 0.858762 0.063149 0.222137
7 0.413224 0.858282 0.076233 0.232321
6 0.488917 0.850500 0.082504 0.236741
11 0.569583 0.846560 0.088776 0.240008
8 0.655223 0.839931 0.087478 0.242121
6 0.751784 0.830515 0.104347 0.236741