10 0.228806 0.172752 0.098832 0.174481
2 0.310716 0.168812 0.083802 0.148924
8 0.388516 0.162663 0.085640 0.156610
4 0.464803 0.163240 0.073205 0.155457
8 0.536711 0.156514 0.078179 0.146618
7 0.612673 0.154881 0.075043 0.154497
8 0.687446 0.147098 0.071907 0.147771
3 0.763354 0.138739 0.063689 0.142198
4 0.837154 0.132686 0.068772 0.145465
0 0.222859 0.321580 0.099481 0.167756
0 0.302228 0.315430 0.081964 0.157763
11 0.383488 0.309377 0.083153 0.143351
13 0.461019 0.309954 0.089425 0.175634
6 0.547362 0.308801 0.081964 0.164489
6 0.619864 0.304381 0.073205 0.159877
0 0.696151 0.291507 0.071799 0.163336
10 0.775195 0.286510 0.068772 0.153344
1 0.852779 0.278728 0.073854 0.146618
11 0.207829 0.480976 0.095588 0.153344
5 0.300065 0.477133 0.078720 0.156802
6 0.381974 0.472041 0.098724 0.157763
4 0.462641 0.472137 0.083802 0.171022
2 0.541739 0.465507 0.079369 0.160069
4 0.617647 0.458878 0.075043 0.153344
5 0.703341 0.445523 0.071259 0.157763
9 0.790874 0.446003 0.083694 0.181015
7 0.864673 0.436011 0.069961 0.174481
3 0.233131 0.776038 0.092561 0.221176
8 0.321962 0.762683 0.081207 0.219062
12 0.405115 0.753171 0.085099 0.220023
8 0.489187 0.746061 0.078071 0.218870
12 0.560121 0.732129 0.091263 0.226749
13 0.650195 0.729343 0.100130 0.232321
3 0.732104 0.711568 0.076233 0.227902
10 0.805580 0.708782 0.076990 0.231168
11 0.887165 0.705995 0.083802 0.232129