12 0.520437 0.779881 0.081964 0.217717
12 0.502054 0.503747 0.092561 0.167756
12 0.496107 0.344350 0.086938 0.162183
12 0.499189 0.166026 0.088127 0.154497
11 0.423875 0.517679 0.073746 0.153344
11 0.417928 0.352133 0.078071 0.162375
11 0.425443 0.174962 0.083153 0.156610
10 0.349805 0.369908 0.056877 0.148732
10 0.358834 0.207629 0.061311 0.160069
10 0.354779 0.528248 0.066825 0.141045
9 0.285359 0.534301 0.079369 0.137779
9 0.285359 0.385953 0.070718 0.138932
9 0.290712 0.229919 0.071259 0.160069
13 0.581423 0.310434 0.103806 0.185434
13 0.222535 0.398155 0.071367 0.143351
9 0.315041 0.787663 0.061311 0.206764
10 0.379487 0.784301 0.064987 0.217717
11 0.447935 0.782091 0.071907 0.224443