8 0.843966 0.676075 0.123919 0.207757
8 0.833369 0.453149 0.116566 0.213518
8 0.829909 0.248272 0.109645 0.210061
7 0.723183 0.272465 0.096453 0.170123
7 0.730104 0.472734 0.103806 0.198925
7 0.733888 0.677995 0.112673 0.185484
6 0.628785 0.304147 0.091479 0.171275
6 0.621540 0.486943 0.085640 0.174347
6 0.625865 0.683756 0.098183 0.185484
5 0.542928 0.324309 0.076341 0.170891
5 0.532331 0.500960 0.088884 0.162442
5 0.527033 0.681452 0.079585 0.172427
2 0.326233 0.377688 0.073313 0.130952
3 0.389381 0.354263 0.073313 0.146313
4 0.458802 0.331029 0.072016 0.162058
4 0.447881 0.508065 0.080017 0.154378
4 0.442907 0.699885 0.073962 0.155530
3 0.370242 0.525922 0.081315 0.152458
3 0.365593 0.705261 0.070718 0.153226
2 0.301471 0.543587 0.068772 0.150154
2 0.294226 0.711982 0.072016 0.153610
1 0.258326 0.388633 0.063798 0.131336
1 0.234753 0.550883 0.070718 0.150922
1 0.223616 0.721006 0.068339 0.160138
0 0.191933 0.396505 0.066393 0.148618
0 0.164144 0.556452 0.075692 0.159754
0 0.159494 0.716974 0.090182 0.154378