0 0.192853 0.776614 0.105644 0.211184
1 0.308824 0.205419 0.072448 0.119908
0 0.231618 0.208205 0.074394 0.118947
0 0.224697 0.335992 0.079369 0.150077
0 0.216587 0.488855 0.090614 0.162183
1 0.306337 0.333782 0.076341 0.134512
1 0.295686 0.491545 0.091371 0.169869
2 0.380407 0.201576 0.075692 0.123367
1 0.280061 0.770465 0.101211 0.210031
2 0.383488 0.327152 0.083153 0.147771
2 0.378514 0.482706 0.088127 0.174481
2 0.365701 0.773251 0.091263 0.213297
3 0.454801 0.194370 0.074394 0.124327
3 0.458207 0.325999 0.082504 0.138932
3 0.458586 0.479919 0.085640 0.166603
4 0.539522 0.478286 0.080125 0.163336
4 0.539198 0.324366 0.083153 0.142198
4 0.528547 0.192640 0.074394 0.125480
3 0.450476 0.767198 0.085640 0.210031
3 0.532656 0.763836 0.078720 0.223290
5 0.612673 0.316007 0.075043 0.152383
5 0.603320 0.186011 0.069961 0.118755
5 0.617971 0.476556 0.080666 0.166795
5 0.620458 0.763739 0.085640 0.221176
6 0.703990 0.755477 0.096345 0.213490
6 0.698638 0.472137 0.074394 0.179862
6 0.693015 0.317640 0.078071 0.151038
6 0.675497 0.185530 0.073097 0.128939
7 0.747135 0.183801 0.071259 0.125480
7 0.769301 0.313797 0.073205 0.149885
7 0.778330 0.467141 0.080017 0.181015
7 0.781791 0.751057 0.096886 0.222329
8 0.874351 0.748847 0.110727 0.224443