10 0.294442 0.109915 0.082612 0.184473
2 0.377271 0.110972 0.074394 0.140085
8 0.463560 0.121637 0.066825 0.143351
4 0.528925 0.138739 0.060013 0.122214
8 0.590506 0.154400 0.050606 0.117794
7 0.642679 0.166026 0.042496 0.109915
0 0.359753 0.233186 0.074394 0.160069
11 0.446096 0.235492 0.071907 0.155457
2 0.515733 0.247694 0.066285 0.151038
6 0.582667 0.258839 0.061311 0.151038
6 0.641436 0.263739 0.051254 0.127786
0 0.691447 0.264316 0.056337 0.117794
11 0.375433 0.372694 0.086938 0.176595
5 0.458586 0.374904 0.068123 0.167948
6 0.542333 0.384896 0.060662 0.161030
4 0.625487 0.381053 0.055688 0.153344
2 0.691176 0.384896 0.056877 0.134512
8 0.381380 0.668236 0.103806 0.192352
7 0.479185 0.648155 0.085748 0.183321
3 0.558013 0.642679 0.076881 0.172367
10 0.629920 0.629324 0.071907 0.169869
12 0.691447 0.628843 0.081207 0.166603
4 0.343858 0.889412 0.098832 0.207725
1 0.443826 0.867698 0.100022 0.197733
4 0.534224 0.851076 0.090722 0.202152
0 0.608294 0.836568 0.088776 0.202344
3 0.681120 0.828305 0.069420 0.198885
8 0.754325 0.800442 0.068123 0.181207