13 0.509245 0.306495 0.078179 0.184473
13 0.143166 0.408244 0.075043 0.152383
12 0.425119 0.153248 0.090074 0.142390
12 0.419766 0.332148 0.079369 0.182360
12 0.431066 0.509896 0.100670 0.164297
11 0.349481 0.182744 0.068772 0.174481
11 0.347535 0.359915 0.086289 0.184473
11 0.353212 0.527671 0.083802 0.166795
10 0.287576 0.220503 0.067582 0.156610
10 0.275087 0.381533 0.075043 0.150077
10 0.280980 0.552652 0.071907 0.163336
9 0.221886 0.231553 0.073746 0.152191
9 0.212532 0.397675 0.072556 0.135473
9 0.215019 0.558224 0.077530 0.152191
9 0.243458 0.821003 0.066933 0.220023
10 0.309418 0.817064 0.066285 0.223290
11 0.380731 0.819370 0.073746 0.245580
12 0.459775 0.815430 0.086938 0.257686