10 0.263138 0.282763 0.112565 0.218870
9 0.376352 0.277095 0.106293 0.203305
4 0.500433 0.255477 0.099481 0.217717
2 0.615809 0.252114 0.094939 0.202152
3 0.764598 0.229919 0.105104 0.213490
3 0.795902 0.421599 0.095048 0.214450
8 0.781791 0.633743 0.119377 0.212145
10 0.607375 0.657187 0.106834 0.203305
0 0.658953 0.434954 0.097535 0.198885
4 0.524816 0.443217 0.106942 0.188893
2 0.397275 0.454266 0.120675 0.193313
0 0.255353 0.475500 0.125757 0.200038
10 0.181877 0.697156 0.107483 0.194466
4 0.324719 0.682744 0.125649 0.205611
3 0.466371 0.663816 0.118728 0.207725