0 0.118728 0.157763 0.062500 0.133359
0 0.097481 0.321003 0.077530 0.135473
0 0.070015 0.471080 0.083802 0.146618
0 0.049957 0.644312 0.086289 0.175634
1 0.184689 0.150461 0.070718 0.121061
1 0.167550 0.311011 0.072556 0.133167
1 0.146897 0.477709 0.083802 0.153344
1 0.127541 0.644312 0.088776 0.162183
2 0.246648 0.149885 0.063149 0.133359
2 0.234699 0.313221 0.070610 0.128747
2 0.223454 0.467717 0.083153 0.151038
2 0.205990 0.648251 0.091912 0.172367
3 0.310986 0.139892 0.061851 0.119908
3 0.301903 0.309377 0.063798 0.141045
3 0.299416 0.471560 0.075043 0.152191
3 0.286603 0.648732 0.079477 0.164489
4 0.373540 0.135473 0.059364 0.131053
4 0.367593 0.307744 0.069961 0.137779
4 0.366025 0.464931 0.066825 0.147771
4 0.358510 0.647675 0.076881 0.168909
5 0.436365 0.637683 0.063689 0.157763
5 0.436365 0.464354 0.067582 0.155457
5 0.436689 0.299289 0.065636 0.136626
5 0.433553 0.132110 0.059364 0.126633
6 0.500108 0.134896 0.056228 0.125673
6 0.502325 0.302075 0.058067 0.133359
6 0.501676 0.457629 0.059364 0.140085
6 0.513300 0.626537 0.068772 0.160069
7 0.583964 0.626057 0.066285 0.165642
7 0.572394 0.448789 0.065636 0.144312
7 0.567042 0.296599 0.062500 0.128939
7 0.563960 0.136626 0.060013 0.131053
8 0.629866 0.139892 0.059472 0.133359
8 0.628622 0.296022 0.059364 0.138932
8 0.640517 0.448789 0.068231 0.151230
8 0.656412 0.620484 0.071259 0.161030
9 0.735564 0.617121 0.073205 0.156610
9 0.718372 0.447733 0.072556 0.142198
9 0.695502 0.293236 0.064446 0.131053
9 0.692096 0.138163 0.062608 0.123367
10 0.757137 0.139892 0.062500 0.131053
10 0.765517 0.292659 0.071907 0.129900
10 0.780547 0.439854 0.070610 0.144504
10 0.808715 0.605496 0.081964 0.151038
11 0.884353 0.603766 0.083153 0.161030
11 0.853428 0.432744 0.076233 0.141045
11 0.830234 0.286030 0.075043 0.125480
11 0.823097 0.137106 0.073097 0.125480
12 0.891814 0.128171 0.071907 0.123367
12 0.899978 0.281514 0.071799 0.123367
12 0.923119 0.426018 0.074394 0.143351
12 0.956261 0.591564 0.086830 0.165450
13 0.444529 0.841564 0.075043 0.176595
13 0.522978 0.837145 0.073205 0.187740