0 0.150897 0.089931 0.083153 0.173328
0 0.142463 0.322636 0.088776 0.183321
0 0.150627 0.541603 0.094939 0.198885
0 0.183175 0.803228 0.092561 0.210992
1 0.266923 0.788816 0.081207 0.217909
1 0.236267 0.538240 0.086289 0.196772
1 0.224103 0.329362 0.081856 0.187932
1 0.222210 0.099923 0.073097 0.173328
2 0.340668 0.769408 0.082504 0.194466
2 0.314122 0.534397 0.085640 0.184473
2 0.293793 0.331572 0.078720 0.181207
2 0.291631 0.115968 0.068123 0.178901
3 0.354455 0.133743 0.070069 0.183321
3 0.358510 0.334358 0.070610 0.177940
3 0.379758 0.539873 0.075692 0.186587
3 0.410413 0.760473 0.070610 0.190046
4 0.470102 0.749327 0.064987 0.185434
4 0.438257 0.525461 0.067474 0.171214
4 0.422632 0.348770 0.060013 0.171022
4 0.413224 0.151518 0.060013 0.156610
5 0.464208 0.167083 0.053201 0.158916
5 0.478590 0.352133 0.061851 0.160069
5 0.498270 0.532187 0.065095 0.157763
5 0.531088 0.738759 0.065636 0.177748
6 0.527952 0.349347 0.055688 0.154497
6 0.515463 0.174385 0.061851 0.160069
6 0.547362 0.527671 0.064446 0.162183
6 0.582342 0.721560 0.066933 0.174481
7 0.628622 0.714931 0.055688 0.178901
7 0.599859 0.523828 0.059364 0.152191
7 0.575151 0.352709 0.056228 0.150077
7 0.559256 0.187164 0.051903 0.154497
8 0.604563 0.200423 0.046280 0.143351
8 0.617647 0.354343 0.052552 0.146810
8 0.641490 0.526038 0.060013 0.154304
8 0.676146 0.705419 0.059472 0.162183
9 0.685229 0.527095 0.049957 0.143351
9 0.658034 0.361549 0.053093 0.141238
9 0.643653 0.210511 0.049416 0.138932
10 0.699611 0.368178 0.038711 0.134512
10 0.682418 0.214931 0.039360 0.130092
10 0.723075 0.525461 0.039360 0.146618
9 0.719291 0.698309 0.049308 0.143351
10 0.758975 0.695427 0.038711 0.144504
11 0.797145 0.681015 0.044983 0.146810
11 0.760543 0.527095 0.039468 0.134512
11 0.738051 0.365968 0.043144 0.127786
11 0.718642 0.227133 0.039360 0.125673
12 0.758705 0.232706 0.043144 0.121061
12 0.774330 0.370484 0.044334 0.121061
12 0.802768 0.521618 0.046280 0.130092
12 0.833099 0.682744 0.041847 0.134512
13 0.619864 0.916603 0.068231 0.166795
13 0.561419 0.919293 0.068772 0.152191