0 0.153114 0.199942 0.056228 0.135473
0 0.149059 0.371541 0.055688 0.134320
0 0.143436 0.512106 0.056985 0.128747
0 0.138138 0.657091 0.055039 0.130092
1 0.207504 0.199942 0.052552 0.135473
1 0.206910 0.361549 0.052444 0.134320
1 0.202530 0.509896 0.049957 0.126633
1 0.201611 0.657667 0.053093 0.128939
2 0.266598 0.196003 0.050714 0.129900
2 0.263516 0.359435 0.051903 0.127786
2 0.265679 0.503843 0.053849 0.123367
2 0.263787 0.659877 0.052444 0.133359
3 0.321637 0.187644 0.050714 0.140085
3 0.320664 0.355976 0.048767 0.125480
3 0.325368 0.504900 0.053201 0.127786
3 0.322286 0.660453 0.054390 0.129900
4 0.375433 0.182168 0.050606 0.124520
4 0.380407 0.353286 0.055580 0.128939
4 0.382299 0.504900 0.054390 0.130092
4 0.383218 0.654400 0.053849 0.135473
5 0.431337 0.182744 0.051254 0.132206
5 0.433553 0.351076 0.049416 0.131053
5 0.436689 0.498751 0.054390 0.126633
5 0.438581 0.645465 0.056877 0.128747
6 0.489187 0.182744 0.051903 0.132206
6 0.490106 0.349347 0.050065 0.125673
6 0.489836 0.494908 0.050606 0.125480
6 0.499513 0.635377 0.050065 0.137779
7 0.541090 0.183801 0.051903 0.127786
7 0.544172 0.348770 0.054390 0.119908
7 0.545145 0.485396 0.055039 0.122214
7 0.553255 0.638836 0.055039 0.128939
8 0.599859 0.188221 0.054390 0.127786
8 0.597048 0.344350 0.050065 0.122214
8 0.599589 0.482706 0.052552 0.114527
8 0.609591 0.631533 0.053741 0.136626
9 0.655169 0.191007 0.051254 0.126826
9 0.651114 0.346080 0.053093 0.123367
9 0.660521 0.486645 0.054390 0.126633
9 0.665820 0.628747 0.056337 0.131053
10 0.707721 0.188317 0.052552 0.123367
10 0.705504 0.342717 0.053093 0.125480
10 0.710802 0.479343 0.048767 0.118947
10 0.723670 0.621637 0.059364 0.123367
11 0.766760 0.183224 0.051903 0.117794
11 0.760218 0.334358 0.053741 0.122214
11 0.768977 0.472713 0.055039 0.123367
11 0.781520 0.615968 0.053741 0.125480
12 0.824016 0.178805 0.052444 0.124327
12 0.816501 0.334935 0.062500 0.123367
12 0.823421 0.465988 0.051254 0.123367
12 0.839641 0.601556 0.057526 0.114335
13 0.448259 0.802171 0.053741 0.135473
13 0.507299 0.799289 0.055688 0.136626