7 0.307256 0.135473 0.083153 0.139892
7 0.318177 0.266045 0.093750 0.156610
10 0.360673 0.419389 0.095048 0.181207
3 0.428849 0.132686 0.076341 0.134320
12 0.503244 0.132206 0.076341 0.142198
10 0.587695 0.126633 0.075043 0.144504
8 0.699016 0.134320 0.077530 0.153344
8 0.753352 0.250480 0.067474 0.156610
10 0.680526 0.394985 0.083153 0.167756
12 0.592669 0.396618 0.078720 0.162183
0 0.442582 0.260473 0.086289 0.152383
9 0.546713 0.254900 0.081964 0.147771
0 0.647383 0.249327 0.069420 0.138932
6 0.474805 0.405457 0.088235 0.173328
8 0.359159 0.703305 0.088127 0.213297
11 0.449503 0.686587 0.086289 0.206764
6 0.531088 0.675442 0.070610 0.182168
10 0.613268 0.668236 0.072556 0.192352
4 0.691501 0.658244 0.080017 0.185434
5 0.450097 0.892679 0.106293 0.194274
3 0.549524 0.884896 0.086289 0.205611
11 0.638679 0.881533 0.100670 0.210031