8 0.639544 0.763739 0.100022 0.241161
8 0.640192 0.482129 0.109970 0.164489
8 0.639868 0.310434 0.106942 0.161222
8 0.638354 0.150461 0.100022 0.167948
7 0.552660 0.178805 0.080017 0.177748
7 0.558283 0.328786 0.081315 0.153344
7 0.559526 0.491545 0.073854 0.141045
7 0.567042 0.776614 0.084991 0.220023
6 0.491998 0.196003 0.062500 0.163336
6 0.491079 0.341564 0.061959 0.156610
6 0.490160 0.504900 0.068772 0.136626
6 0.503568 0.770945 0.076990 0.204458
5 0.432904 0.210992 0.053093 0.159877
5 0.431715 0.349923 0.054390 0.146810
5 0.428904 0.501057 0.055039 0.137779
5 0.436689 0.749904 0.070610 0.208878
4 0.380136 0.738278 0.066285 0.192160
4 0.374135 0.502690 0.053201 0.129900
4 0.375378 0.358859 0.055688 0.128939
4 0.379812 0.226556 0.054390 0.135665
3 0.328828 0.239912 0.047578 0.126633
3 0.324773 0.370388 0.050714 0.127786
3 0.321637 0.502690 0.049416 0.118755
3 0.329423 0.736549 0.066285 0.175634
2 0.272545 0.514412 0.052444 0.122214
2 0.271897 0.378267 0.048767 0.116641
2 0.275357 0.252690 0.050714 0.114527
2 0.282548 0.722713 0.046280 0.174481
1 0.239403 0.722137 0.042604 0.184473
1 0.227563 0.515469 0.042496 0.115488
1 0.228482 0.388739 0.039360 0.122214
1 0.234105 0.268832 0.034386 0.124520
0 0.191285 0.281610 0.046280 0.098962
0 0.180958 0.398251 0.049416 0.105496
0 0.178471 0.517679 0.055688 0.108762
0 0.191879 0.723290 0.055039 0.184473