10 0.325422 0.146042 0.076881 0.174481
2 0.400681 0.159877 0.055039 0.153344
8 0.466047 0.172656 0.061851 0.147771
4 0.531412 0.184377 0.052444 0.144312
8 0.586397 0.193793 0.051254 0.134320
7 0.643004 0.204939 0.044442 0.130092
8 0.694637 0.215411 0.040009 0.119908
3 0.738322 0.226556 0.044983 0.115680
4 0.786224 0.232129 0.040657 0.108762
0 0.326936 0.295446 0.078828 0.171214
0 0.404141 0.298232 0.064338 0.158724
11 0.470102 0.306015 0.060013 0.150077
13 0.539522 0.316007 0.060013 0.154304
6 0.600454 0.322060 0.051903 0.142198
6 0.660197 0.330419 0.055039 0.130092
0 0.706747 0.333782 0.046929 0.123367
10 0.757407 0.342141 0.048119 0.128939
1 0.803093 0.340988 0.045631 0.120100
11 0.321313 0.453786 0.085099 0.176595
5 0.401654 0.448789 0.073205 0.162375
6 0.473886 0.455995 0.064987 0.154497
4 0.539846 0.458301 0.053093 0.152191
2 0.599589 0.455995 0.052552 0.154497
4 0.659926 0.458301 0.056877 0.152191
5 0.711776 0.456572 0.049416 0.142198
9 0.769626 0.464931 0.058715 0.116641
7 0.816176 0.465507 0.053201 0.126633
3 0.336019 0.729343 0.093101 0.201191
8 0.417279 0.711568 0.086938 0.196772
12 0.490755 0.704842 0.073854 0.192160
8 0.554877 0.694370 0.055688 0.168909
12 0.613322 0.683321 0.063798 0.173328
13 0.673335 0.683224 0.068772 0.171214
3 0.727725 0.675442 0.051254 0.166795
10 0.771140 0.663816 0.049416 0.150077
11 0.825530 0.664873 0.054390 0.149885
7 0.341317 0.919869 0.076233 0.151038
2 0.426038 0.905938 0.068123 0.167756
5 0.502649 0.901038 0.072556 0.179862
3 0.572989 0.889412 0.063149 0.178901
6 0.634894 0.870484 0.064338 0.172175
0 0.690852 0.858282 0.062500 0.176595
12 0.743945 0.838297 0.062500 0.158916
7 0.797740 0.835511 0.048767 0.171022
2 0.847156 0.825999 0.066285 0.161222