0 0.235510 0.223694 0.120675 0.240783
0 0.229239 0.450845 0.135813 0.271121
0 0.230104 0.715822 0.127595 0.258833
1 0.358672 0.450461 0.105753 0.258833
1 0.368188 0.705837 0.103157 0.263441
1 0.356618 0.238671 0.105104 0.240015
2 0.464425 0.257680 0.093209 0.226575
2 0.464857 0.461598 0.084991 0.221198
2 0.476103 0.687980 0.101427 0.227727
3 0.561419 0.269777 0.086938 0.204685
3 0.564230 0.475422 0.092561 0.231183
3 0.579585 0.670891 0.089533 0.204301
4 0.640895 0.277458 0.073313 0.195469
4 0.661008 0.464862 0.081964 0.187788
4 0.669118 0.670315 0.071799 0.205453
5 0.713884 0.295315 0.060121 0.188940
5 0.730428 0.470430 0.070718 0.196621
5 0.744485 0.667051 0.077638 0.192012
6 0.778871 0.301075 0.061202 0.166667
6 0.814554 0.653226 0.065095 0.182028
7 0.834667 0.302611 0.052552 0.169739
7 0.858997 0.469854 0.050173 0.175499
6 0.798659 0.472158 0.065744 0.177803
7 0.874892 0.648233 0.056877 0.196621
8 0.888733 0.299731 0.052984 0.175499
8 0.913819 0.464286 0.060770 0.164363
8 0.936851 0.644777 0.063149 0.181260