0 0.112781 0.229343 0.061851 0.145465
0 0.099048 0.392102 0.069420 0.144312
0 0.086235 0.550442 0.080125 0.145465
0 0.075314 0.723770 0.081856 0.172367
1 0.182202 0.230400 0.068123 0.134512
1 0.172848 0.393736 0.066933 0.141045
1 0.164090 0.554958 0.073205 0.152191
1 0.154033 0.721560 0.078179 0.163336
2 0.240647 0.394889 0.058715 0.141045
2 0.242863 0.238759 0.063149 0.126633
2 0.238160 0.553805 0.063689 0.143351
2 0.230374 0.724347 0.070610 0.151230
3 0.305093 0.246637 0.060013 0.128939
3 0.302876 0.400942 0.056877 0.137779
3 0.306931 0.553805 0.062608 0.143351
3 0.303471 0.725500 0.059364 0.155457
4 0.361321 0.254900 0.052444 0.125480
4 0.365106 0.406034 0.055039 0.132206
4 0.367269 0.553805 0.059364 0.145657
4 0.366944 0.718870 0.058715 0.153344
5 0.416685 0.257110 0.050714 0.123367
5 0.420415 0.411606 0.053201 0.132206
5 0.425389 0.554381 0.051903 0.133359
5 0.431337 0.708205 0.057526 0.147771
6 0.490160 0.702056 0.051254 0.148924
6 0.477292 0.550442 0.050606 0.121253
6 0.476049 0.411606 0.050714 0.123367
6 0.469777 0.263739 0.048119 0.116641
7 0.523573 0.267679 0.044334 0.119908
7 0.526384 0.419869 0.049957 0.124520
7 0.533899 0.550538 0.047470 0.132206
7 0.544821 0.701576 0.048119 0.156802
8 0.597967 0.702152 0.046929 0.142198
8 0.582072 0.544965 0.041306 0.123367
8 0.576719 0.422656 0.043144 0.114335
8 0.572989 0.282091 0.050606 0.113374
9 0.619864 0.291507 0.046821 0.121061
9 0.623000 0.423232 0.054390 0.124327
9 0.632083 0.550442 0.053741 0.125480
9 0.648356 0.694370 0.057526 0.137779
10 0.666739 0.295446 0.046929 0.126633
10 0.671767 0.423232 0.049416 0.120100
10 0.680850 0.552748 0.053741 0.118947
10 0.696745 0.684954 0.055688 0.127786
11 0.711127 0.297656 0.048119 0.115680
11 0.713397 0.428324 0.048767 0.112221
11 0.729293 0.548713 0.051795 0.117794
11 0.747459 0.678228 0.054390 0.127786
12 0.793090 0.668236 0.053093 0.123174
12 0.774600 0.543236 0.056337 0.113374
12 0.758975 0.427171 0.049957 0.112221
12 0.757407 0.301499 0.048119 0.112221
13 0.443231 0.878747 0.061202 0.153344
13 0.502974 0.873174 0.061959 0.153344