10 0.342561 0.178805 0.080017 0.162375
9 0.431337 0.173809 0.087587 0.154304
4 0.535413 0.162183 0.083153 0.153344
2 0.629920 0.162087 0.083153 0.157763
3 0.750865 0.161606 0.073746 0.149885
0 0.336667 0.319850 0.094399 0.166603
2 0.457667 0.314854 0.095048 0.167756
4 0.558878 0.309281 0.082504 0.178901
0 0.667712 0.302075 0.089965 0.171022
3 0.783683 0.294293 0.083153 0.157763
10 0.274438 0.497118 0.111375 0.185626
5 0.393490 0.487125 0.109429 0.209839
3 0.511678 0.482706 0.091912 0.194466
10 0.626081 0.476556 0.085640 0.193313
8 0.774330 0.469927 0.108131 0.202344
11 0.276925 0.824366 0.101211 0.249039
10 0.391652 0.818313 0.104455 0.261145
1 0.506974 0.798232 0.106293 0.263259
11 0.608348 0.783244 0.108780 0.246733
8 0.730536 0.768255 0.098183 0.240968
8 0.847426 0.759416 0.125649 0.254420