0 0.257840 0.325519 0.088127 0.213297
0 0.274438 0.579362 0.097535 0.214450
0 0.306282 0.869908 0.095048 0.217909
1 0.338830 0.332725 0.078828 0.201191
1 0.361321 0.574366 0.077530 0.206764
1 0.390138 0.852613 0.075043 0.214450
2 0.403817 0.102709 0.071259 0.176595
2 0.411657 0.343774 0.075692 0.189854
2 0.432310 0.580995 0.080666 0.191199
2 0.468209 0.833782 0.080017 0.207917
1 0.336019 0.097137 0.076881 0.190046
3 0.465776 0.123847 0.072556 0.176595
3 0.477346 0.352133 0.070610 0.182360
3 0.498865 0.576095 0.072556 0.183321
3 0.532980 0.816007 0.075692 0.185434
4 0.593642 0.810434 0.069420 0.190046
4 0.558283 0.571099 0.071367 0.173328
4 0.532331 0.364335 0.075692 0.179862
4 0.520437 0.144312 0.068123 0.173328
5 0.573259 0.164873 0.061311 0.172175
5 0.587370 0.369331 0.059472 0.165642
5 0.612078 0.568217 0.061311 0.176787
5 0.643977 0.785453 0.060013 0.182360
6 0.698638 0.773251 0.063149 0.166795
6 0.663008 0.565430 0.059364 0.166603
6 0.639598 0.373174 0.062500 0.164489
6 0.623919 0.177652 0.057526 0.166603
7 0.667388 0.190430 0.051903 0.154497
7 0.681769 0.376057 0.049308 0.154497
7 0.707072 0.564374 0.057526 0.153344
7 0.741458 0.767679 0.051254 0.164489
8 0.783359 0.758167 0.043793 0.167756
8 0.750865 0.561011 0.054931 0.153151
8 0.724589 0.376633 0.043685 0.162183
8 0.708045 0.200999 0.041955 0.148732
9 0.749892 0.219350 0.046929 0.147771
9 0.766490 0.383839 0.045091 0.147771
9 0.791522 0.562740 0.046280 0.147771
9 0.825584 0.753747 0.041955 0.158916
10 0.860294 0.744908 0.035035 0.158916
10 0.830288 0.561011 0.038819 0.137779
10 0.802119 0.387106 0.033737 0.134320
10 0.784926 0.222713 0.038062 0.129900
11 0.820880 0.237702 0.037522 0.133359
11 0.835586 0.392679 0.039468 0.130092
11 0.863106 0.561491 0.040657 0.143351
11 0.894950 0.733186 0.036873 0.148924
12 0.897762 0.557168 0.050065 0.130092
12 0.930634 0.724827 0.044442 0.152191
12 0.873756 0.393736 0.043144 0.123367
12 0.854347 0.247694 0.040657 0.119908
13 0.729617 0.941583 0.056337 0.112221
13 0.672686 0.958782 0.052552 0.091276