0 0.183715 0.212625 0.057526 0.136626
0 0.174686 0.394312 0.060662 0.135665
0 0.175930 0.558801 0.061851 0.142198
0 0.185608 0.738759 0.061311 0.148924
1 0.236267 0.208205 0.057526 0.150077
1 0.229131 0.393159 0.051903 0.133359
1 0.233780 0.557168 0.056228 0.138932
1 0.241944 0.737125 0.053741 0.147963
2 0.296334 0.734915 0.053741 0.147771
2 0.285359 0.554862 0.048227 0.138932
2 0.283845 0.386626 0.051254 0.133359
2 0.289090 0.211568 0.049416 0.132206
3 0.341641 0.210511 0.048119 0.138932
3 0.337262 0.386626 0.048227 0.142198
3 0.338181 0.553805 0.055039 0.134512
3 0.350076 0.733186 0.048767 0.146618
4 0.401925 0.730976 0.057526 0.142198
4 0.390084 0.553805 0.048767 0.134512
4 0.385705 0.387683 0.049957 0.146618
4 0.390409 0.213297 0.051795 0.142198
5 0.443555 0.208782 0.053201 0.148924
5 0.438852 0.386049 0.052444 0.145657
5 0.441987 0.552171 0.052444 0.128939
5 0.458586 0.728286 0.051903 0.141045
6 0.490484 0.384992 0.051903 0.127786
6 0.492593 0.212048 0.048767 0.137779
6 0.495134 0.553228 0.051254 0.126826
6 0.512003 0.723866 0.051254 0.132206
7 0.542658 0.209839 0.053741 0.133359
7 0.540766 0.382206 0.052552 0.133359
7 0.565149 0.728862 0.052444 0.142198
8 0.592669 0.210415 0.054931 0.141045
8 0.591425 0.379900 0.047470 0.128747
8 0.601427 0.556591 0.049957 0.135473
7 0.547362 0.551595 0.051903 0.141238
8 0.616782 0.725404 0.056877 0.133359
9 0.656142 0.554285 0.050606 0.126633
9 0.643977 0.383263 0.053741 0.128939
9 0.643004 0.205995 0.046821 0.132206
9 0.672091 0.725980 0.056337 0.141045
10 0.726481 0.729343 0.058715 0.138932
10 0.704639 0.550442 0.060013 0.134320
10 0.694907 0.380477 0.056985 0.141045
10 0.693339 0.207629 0.058824 0.135473
11 0.745891 0.210415 0.051254 0.132206
11 0.748378 0.374904 0.052552 0.127594
11 0.757407 0.544965 0.054390 0.132206
11 0.780277 0.724923 0.057526 0.141238
12 0.835262 0.723770 0.053741 0.134320
12 0.811202 0.542083 0.053201 0.124520
12 0.798064 0.370484 0.043144 0.123367
12 0.795577 0.213778 0.043144 0.118947
13 0.526384 0.901038 0.057526 0.151038
13 0.470426 0.907667 0.058067 0.146618