0 0.197881 0.297619 0.102076 0.184332
0 0.180796 0.464670 0.107699 0.176651
0 0.172253 0.653610 0.105753 0.174347
1 0.269247 0.662058 0.096886 0.162058
1 0.273032 0.471006 0.101860 0.157834
1 0.284278 0.302611 0.109645 0.181260
2 0.360943 0.650346 0.097751 0.167819
2 0.365376 0.475998 0.087587 0.170123
2 0.375000 0.298771 0.088235 0.188940
3 0.460424 0.301459 0.093858 0.198925
3 0.454801 0.482527 0.093858 0.180876
3 0.450368 0.645929 0.088884 0.172043
4 0.541198 0.294931 0.086289 0.196621
4 0.539792 0.464862 0.082612 0.170123
4 0.539576 0.639785 0.085640 0.179724
5 0.629109 0.294931 0.088235 0.198925
5 0.625000 0.463134 0.091263 0.177419
5 0.625973 0.641513 0.093209 0.183180
6 0.711938 0.285330 0.083910 0.186636
6 0.716047 0.459101 0.090830 0.165515
6 0.717344 0.634217 0.089533 0.182412
7 0.795199 0.283602 0.083910 0.192396
8 0.881163 0.278226 0.083261 0.192396
7 0.799849 0.460253 0.090614 0.165515
7 0.798335 0.631528 0.087587 0.180876
8 0.900303 0.631528 0.107699 0.172427
8 0.893490 0.442012 0.101427 0.191244