0 0.240160 0.273233 0.113971 0.237711
0 0.223832 0.494816 0.117647 0.265361
0 0.218642 0.731951 0.123270 0.244240
1 0.349697 0.284178 0.102509 0.248848
1 0.340290 0.495776 0.102725 0.238863
1 0.336505 0.727727 0.095156 0.228879
2 0.447664 0.303571 0.075692 0.227727
2 0.442907 0.496928 0.086505 0.218894
2 0.449827 0.716974 0.091263 0.218894
3 0.531142 0.317588 0.081315 0.218126
3 0.537089 0.501536 0.093209 0.198925
3 0.544226 0.688556 0.087587 0.226575
4 0.615593 0.326421 0.078936 0.201997
4 0.625324 0.509217 0.081964 0.189708
4 0.629109 0.696429 0.088235 0.193164
5 0.692258 0.338134 0.075692 0.165515
5 0.702638 0.518241 0.071367 0.192396
5 0.711289 0.693164 0.083910 0.182028
6 0.772383 0.520929 0.068123 0.177803
6 0.788603 0.691436 0.069420 0.174731
6 0.760164 0.353687 0.070069 0.172043
7 0.818339 0.371544 0.061419 0.163210
7 0.833694 0.523618 0.061851 0.187788
7 0.848724 0.698157 0.059472 0.172043
8 0.876838 0.363671 0.052984 0.152074
8 0.895004 0.523618 0.060770 0.160906
8 0.914360 0.702573 0.065744 0.180876
9 0.881812 0.114823 0.050822 0.143625
10 0.926903 0.129224 0.040657 0.130184
11 0.962911 0.135945 0.040009 0.114439
9 0.940960 0.257680 0.051471 0.129032
13 0.938798 0.390937 0.053201 0.139785
9 0.974157 0.394393 0.049957 0.144393
10 0.982266 0.263825 0.038927 0.116743