10 0.304715 0.243851 0.063149 0.112221
2 0.374135 0.217045 0.061851 0.116641
8 0.449773 0.188317 0.060662 0.123367
4 0.527952 0.163816 0.059364 0.121253
8 0.600779 0.138259 0.067474 0.114335
7 0.675497 0.114335 0.074394 0.119908
0 0.335370 0.338778 0.081856 0.111068
11 0.412576 0.316487 0.083802 0.122214
2 0.481726 0.291026 0.080666 0.120100
6 0.567042 0.267679 0.086289 0.128747
6 0.641112 0.245484 0.084343 0.135473
0 0.732104 0.211568 0.086181 0.156802
11 0.334775 0.470984 0.088235 0.164489
5 0.411062 0.457148 0.089425 0.156802
6 0.499513 0.425442 0.095048 0.166795
4 0.610835 0.394312 0.091263 0.171022
2 0.701125 0.372118 0.096886 0.175442
8 0.324449 0.739335 0.073854 0.172367
7 0.414198 0.715988 0.078179 0.183321
3 0.497946 0.714835 0.085640 0.183321
10 0.599859 0.703305 0.095696 0.184473
12 0.691447 0.691007 0.100022 0.202152
4 0.252865 0.914297 0.075584 0.153344
1 0.333802 0.912663 0.076341 0.167756
4 0.422578 0.912663 0.081315 0.170061
0 0.509516 0.906034 0.087587 0.176787
3 0.616728 0.906610 0.105644 0.182168
8 0.723940 0.897675 0.113754 0.202344