2 0.739565 0.268736 0.140030 0.231168
7 0.627974 0.301499 0.113214 0.223290
13 0.526384 0.323213 0.093858 0.226749
4 0.432039 0.349923 0.077530 0.206764
10 0.350076 0.367602 0.083802 0.193313
0 0.273519 0.388739 0.055688 0.184473
8 0.202530 0.406610 0.065095 0.164489
2 0.141869 0.425538 0.065095 0.148924
10 0.078720 0.440430 0.070069 0.141045
3 0.745837 0.493274 0.152574 0.244427
8 0.630190 0.526038 0.131272 0.238855
12 0.511083 0.530457 0.114511 0.205419
11 0.420415 0.544293 0.109429 0.186587
0 0.334126 0.573213 0.076990 0.186779
8 0.255028 0.578786 0.067582 0.168716
5 0.182526 0.588778 0.065095 0.162183
7 0.115268 0.598290 0.063149 0.158916
0 0.056553 0.608282 0.064446 0.147771
6 0.781791 0.761530 0.155709 0.265565
7 0.649546 0.764316 0.125000 0.237702
9 0.531358 0.768832 0.115052 0.222137
0 0.431012 0.772098 0.091912 0.202152
10 0.337587 0.781514 0.089965 0.214450
13 0.252865 0.784973 0.083153 0.203305
3 0.182202 0.784397 0.068123 0.173328
5 0.113430 0.782763 0.063149 0.167756
11 0.050930 0.785453 0.085640 0.157763