10 0.306012 0.363182 0.085640 0.151038
9 0.397329 0.350404 0.089425 0.156610
0 0.296929 0.503843 0.091263 0.163336
2 0.421659 0.497694 0.090722 0.171022
4 0.508596 0.348770 0.078179 0.142198
2 0.598886 0.339354 0.082504 0.158724
3 0.726481 0.325519 0.077530 0.144504
3 0.765247 0.468774 0.082612 0.166603
8 0.764003 0.632686 0.081207 0.176595
10 0.602076 0.652671 0.080017 0.181207
0 0.643328 0.480496 0.081207 0.165450
4 0.525141 0.487125 0.087478 0.158724
3 0.474805 0.656514 0.090614 0.177748
10 0.223454 0.697733 0.121864 0.215603
5 0.352292 0.683321 0.114403 0.224443