10 0.245675 0.353766 0.093858 0.156802
2 0.324719 0.350500 0.080666 0.154497
8 0.396626 0.346080 0.086938 0.154497
4 0.474481 0.340411 0.076341 0.150077
8 0.543577 0.331091 0.081964 0.153344
7 0.618026 0.325423 0.076881 0.137779
8 0.689609 0.321099 0.072556 0.142198
3 0.759894 0.311587 0.076881 0.136626
4 0.834937 0.308801 0.064338 0.131053
0 0.237835 0.505957 0.095696 0.154497
0 0.315041 0.497694 0.076233 0.153344
11 0.391977 0.487606 0.084991 0.137779
2 0.475779 0.480976 0.091263 0.153344
6 0.543901 0.467045 0.070069 0.147771
6 0.625216 0.469927 0.080017 0.151230
0 0.703341 0.462721 0.085099 0.152191
10 0.776222 0.449366 0.071907 0.145465
1 0.854671 0.431591 0.075043 0.143351
11 0.218155 0.655938 0.103698 0.158916
5 0.309472 0.647675 0.086289 0.160069
6 0.391328 0.643736 0.087587 0.174481
4 0.472589 0.634416 0.088776 0.177748
2 0.552660 0.622694 0.082612 0.174289
4 0.621432 0.617121 0.082612 0.165450
3 0.704585 0.602709 0.089965 0.161222
9 0.788711 0.600980 0.079369 0.180054
7 0.871215 0.592717 0.086938 0.181207