12 0.829044 0.169389 0.081315 0.158916
12 0.809310 0.382686 0.088127 0.176595
12 0.813095 0.581572 0.095696 0.192352
12 0.831531 0.807744 0.096237 0.220023
11 0.733023 0.808224 0.086938 0.207917
11 0.722697 0.591564 0.078828 0.178901
11 0.720534 0.398828 0.076881 0.168909
11 0.738051 0.193313 0.073205 0.153344
10 0.658359 0.214931 0.066285 0.161222
10 0.645491 0.412759 0.073205 0.174481
10 0.641166 0.593870 0.078179 0.178901
10 0.646788 0.799962 0.083153 0.195619
9 0.564825 0.798232 0.070610 0.200999
9 0.562987 0.593294 0.065636 0.160069
9 0.570177 0.415450 0.068772 0.153344
9 0.587046 0.225980 0.067474 0.161030
8 0.524221 0.238278 0.064446 0.145657
8 0.506380 0.419965 0.063798 0.148924
8 0.499513 0.593774 0.069961 0.152191
8 0.494539 0.796022 0.078828 0.165450
7 0.464803 0.251537 0.059364 0.143351
7 0.448529 0.430438 0.064446 0.143351
7 0.437608 0.594927 0.065095 0.152191
7 0.428255 0.790450 0.069961 0.156610
6 0.407277 0.262106 0.060662 0.128747
6 0.392301 0.434377 0.064446 0.137779
6 0.375757 0.602709 0.068772 0.145465
6 0.367269 0.777671 0.069312 0.146810
5 0.354131 0.273155 0.059472 0.137779
5 0.337857 0.441007 0.059364 0.139892
5 0.323205 0.603190 0.061202 0.144504
5 0.311905 0.776518 0.072556 0.153344
4 0.306282 0.287759 0.060013 0.126633
4 0.291955 0.450519 0.058824 0.127786
4 0.275087 0.606553 0.062500 0.135473
4 0.261300 0.783244 0.063689 0.148732
3 0.260705 0.297656 0.052552 0.124520
3 0.244107 0.453786 0.056985 0.127786
3 0.228806 0.608762 0.056228 0.133359
3 0.208748 0.772098 0.061311 0.151038
2 0.164738 0.768736 0.060662 0.137779
2 0.182526 0.604343 0.057526 0.126826
2 0.199124 0.456572 0.054390 0.128747
2 0.220048 0.314374 0.057526 0.122214
1 0.179066 0.318793 0.050606 0.115680
1 0.155926 0.458301 0.050606 0.112221
1 0.138787 0.607129 0.055039 0.114335
1 0.120296 0.759320 0.055688 0.127786
0 0.137489 0.325423 0.056337 0.108955
0 0.115647 0.469350 0.053741 0.116641
0 0.095264 0.604343 0.051903 0.119908
0 0.071853 0.747118 0.055039 0.125673
13 0.359429 0.946580 0.051254 0.104535
13 0.301308 0.943793 0.053741 0.110108