10 0.155006 0.409397 0.074935 0.130092
2 0.221561 0.395945 0.063149 0.127786
8 0.286927 0.375480 0.067582 0.131053
4 0.354131 0.357610 0.075692 0.133359
8 0.426038 0.340411 0.076990 0.136626
7 0.503244 0.327729 0.076341 0.140085
8 0.581099 0.312068 0.070718 0.144504
3 0.663062 0.294869 0.080666 0.145465
4 0.747405 0.271522 0.084343 0.154497
0 0.134083 0.549385 0.074394 0.134512
0 0.201881 0.534877 0.076341 0.136626
11 0.267896 0.523251 0.083153 0.144504
2 0.341641 0.504324 0.081856 0.146618
6 0.418253 0.496061 0.081315 0.145465
6 0.497946 0.479343 0.096886 0.147771
0 0.582072 0.463201 0.087587 0.171214
10 0.666144 0.451576 0.100670 0.163336
1 0.758326 0.431495 0.097535 0.167756
11 0.104347 0.693217 0.084991 0.155457
5 0.181228 0.693313 0.062500 0.153344
6 0.252217 0.688797 0.073205 0.155457
4 0.326341 0.672752 0.081315 0.154497
2 0.407277 0.660453 0.083153 0.152191
9 0.668955 0.628267 0.096345 0.178901
3 0.577044 0.642102 0.091371 0.177748
4 0.491079 0.654304 0.088127 0.164489
7 0.766490 0.617698 0.095048 0.182360