9 0.386354 0.159754 0.094507 0.171275
9 0.378785 0.330837 0.100562 0.200077
9 0.373486 0.518049 0.105104 0.196621
9 0.373378 0.858679 0.100130 0.261905
10 0.478266 0.159370 0.093209 0.176651
10 0.472967 0.336022 0.092561 0.194316
10 0.469507 0.515361 0.095588 0.204301
10 0.477941 0.853687 0.105104 0.263441
11 0.567366 0.158794 0.088884 0.177803
11 0.565636 0.328725 0.087587 0.188940
11 0.566501 0.514785 0.090614 0.187788
11 0.573097 0.842550 0.107699 0.258833
12 0.654952 0.153034 0.088884 0.175499
12 0.654412 0.328149 0.089965 0.178571
12 0.663062 0.508257 0.093858 0.185484
12 0.672578 0.836022 0.095156 0.261137
13 0.758002 0.329301 0.098183 0.203149
13 0.274978 0.324885 0.107050 0.214286