12 0.771464 0.358186 0.078828 0.161030
12 0.794010 0.160453 0.081315 0.158724
12 0.777087 0.537087 0.082504 0.174481
12 0.799362 0.744908 0.089425 0.192352
11 0.706153 0.749327 0.080558 0.185434
11 0.696799 0.550442 0.069420 0.165450
11 0.692096 0.368755 0.067582 0.153344
11 0.708694 0.176595 0.069420 0.151038
10 0.629866 0.195523 0.061851 0.146618
10 0.618296 0.379900 0.062500 0.157955
10 0.617377 0.558224 0.066933 0.169869
10 0.623324 0.752690 0.072556 0.181015
9 0.548605 0.753747 0.061959 0.178901
9 0.550173 0.565430 0.063798 0.160069
9 0.546118 0.392102 0.065636 0.144312
9 0.561419 0.208301 0.063798 0.152191
8 0.498270 0.218294 0.063798 0.154497
8 0.482915 0.395465 0.061851 0.146810
8 0.481996 0.560434 0.071259 0.156610
8 0.478266 0.751057 0.076341 0.160069
7 0.408575 0.750961 0.076881 0.162183
7 0.416360 0.564374 0.067582 0.144504
7 0.424146 0.400461 0.065636 0.143351
7 0.436040 0.216084 0.059364 0.147771
6 0.378568 0.230976 0.051903 0.142198
6 0.368837 0.408244 0.062500 0.141238
6 0.356023 0.571099 0.066933 0.142198
6 0.348508 0.742698 0.069420 0.154497
5 0.290712 0.749327 0.066285 0.145465
5 0.300065 0.577729 0.063798 0.135473
5 0.310716 0.421022 0.061311 0.135665
5 0.326287 0.240488 0.066285 0.130092
4 0.262273 0.426499 0.065636 0.137779
4 0.275032 0.253171 0.055039 0.137779
4 0.249405 0.581091 0.062608 0.133359
4 0.233780 0.748174 0.065095 0.147771
3 0.180958 0.742698 0.064338 0.154497
3 0.199665 0.580419 0.065636 0.130092
3 0.211938 0.428805 0.057526 0.137779
3 0.228157 0.262106 0.054931 0.135665
2 0.182472 0.274885 0.055039 0.127786
2 0.164360 0.439374 0.056228 0.130092
2 0.150952 0.581572 0.063149 0.127786
2 0.133434 0.735972 0.065744 0.141045
1 0.086235 0.731072 0.064987 0.128939
1 0.103698 0.588201 0.057526 0.121061
1 0.123108 0.438221 0.056337 0.114335
1 0.139057 0.286510 0.048227 0.111068
0 0.100616 0.293236 0.051362 0.113374
0 0.076881 0.455419 0.052552 0.119908
0 0.059040 0.584935 0.059472 0.121061
0 0.040009 0.725500 0.057526 0.128939
13 0.279736 0.927171 0.064446 0.141045
13 0.341641 0.926595 0.060662 0.133359