0 0.244107 0.258839 0.078179 0.124520
0 0.236916 0.390469 0.083694 0.141045
0 0.229671 0.542083 0.091912 0.162183
0 0.208423 0.809858 0.089425 0.211184
1 0.293793 0.806015 0.081315 0.210031
1 0.310067 0.542083 0.087478 0.155650
1 0.315960 0.390469 0.080666 0.132206
1 0.318555 0.257686 0.074394 0.122214
2 0.388516 0.398251 0.074394 0.141238
2 0.389490 0.260377 0.070069 0.132206
2 0.384786 0.543236 0.081856 0.153344
2 0.368512 0.808801 0.074394 0.213297
3 0.458856 0.260473 0.071259 0.130092
3 0.460424 0.396042 0.075692 0.141045
3 0.460154 0.536606 0.076233 0.157763
3 0.447286 0.803805 0.083153 0.216756
4 0.527682 0.802075 0.080017 0.213297
4 0.535143 0.540450 0.078720 0.158916
4 0.532980 0.387683 0.074394 0.148924
4 0.528601 0.254900 0.071907 0.125480
5 0.600184 0.249904 0.071259 0.137779
5 0.607375 0.379324 0.076990 0.145657
5 0.611105 0.533244 0.075584 0.153344
5 0.605807 0.800442 0.086181 0.218870
6 0.689554 0.799962 0.092561 0.224443
6 0.686473 0.535934 0.077530 0.163336
6 0.684580 0.383839 0.078720 0.145465
6 0.671442 0.247214 0.071259 0.127786
7 0.741512 0.245965 0.072556 0.141045
7 0.758975 0.379900 0.075043 0.153344
7 0.759624 0.533724 0.075043 0.167756
7 0.769301 0.800442 0.090722 0.223482
8 0.850292 0.799289 0.111267 0.218870
8 0.848129 0.523155 0.089425 0.157763
8 0.837424 0.368274 0.084451 0.147771
8 0.818393 0.230976 0.081207 0.131053