13 0.605807 0.894985 0.064987 0.147771
13 0.657385 0.878267 0.049416 0.196580
0 0.233131 0.109915 0.080017 0.171022
0 0.240971 0.333782 0.078179 0.169869
0 0.256326 0.537663 0.082504 0.171022
0 0.287251 0.772194 0.085748 0.177748
2 0.388841 0.527671 0.065095 0.155650
2 0.366025 0.336568 0.066825 0.151230
2 0.359159 0.138836 0.060662 0.160069
1 0.300660 0.125480 0.055039 0.166795
1 0.306931 0.332725 0.071259 0.158916
1 0.328503 0.534301 0.073097 0.160069
1 0.360078 0.754900 0.073746 0.167756
2 0.419496 0.736068 0.064987 0.158916
3 0.477022 0.728862 0.058715 0.162183
3 0.410089 0.150461 0.058715 0.145657
3 0.446042 0.529881 0.063149 0.146618
3 0.424146 0.343774 0.066933 0.149885
4 0.460748 0.168716 0.057526 0.142198
4 0.474157 0.348194 0.056877 0.145657
4 0.496378 0.527671 0.060013 0.144504
4 0.527952 0.714931 0.064338 0.147771
5 0.506380 0.176595 0.051254 0.133359
5 0.521086 0.357129 0.053201 0.138932
5 0.542388 0.519889 0.051903 0.137779
5 0.577044 0.701576 0.056337 0.134512
6 0.618026 0.689374 0.049416 0.138932
6 0.587370 0.516526 0.051903 0.142198
6 0.563257 0.355496 0.052552 0.139892
6 0.549524 0.184954 0.052552 0.150077
7 0.660792 0.681591 0.041306 0.136818
7 0.627649 0.516622 0.042496 0.137779
7 0.604563 0.356072 0.044983 0.132206
7 0.589857 0.195427 0.040657 0.142198
8 0.626784 0.204362 0.030601 0.128939
8 0.641436 0.356553 0.036332 0.126633
8 0.694583 0.674865 0.037522 0.129900
9 0.730861 0.678228 0.036332 0.145465
9 0.700530 0.515469 0.036873 0.128939
8 0.662684 0.515949 0.037522 0.123367
9 0.679228 0.363278 0.043144 0.115488
9 0.663927 0.220407 0.041306 0.121061
10 0.697718 0.227133 0.034926 0.114527
10 0.710532 0.357706 0.028114 0.108955
10 0.733997 0.509320 0.028763 0.118947
10 0.763679 0.665450 0.031899 0.128747
11 0.796172 0.655457 0.030709 0.122214
11 0.764003 0.505477 0.029952 0.126633
11 0.739890 0.360492 0.031899 0.112221
11 0.724589 0.230400 0.033737 0.112221
12 0.759948 0.239912 0.034386 0.108955
12 0.773681 0.365488 0.039360 0.102229
12 0.798389 0.504324 0.038819 0.108955
12 0.832775 0.653824 0.042496 0.114335