0 0.933121 0.511626 0.101968 0.150077
12 0.861862 0.365488 0.095696 0.115680
12 0.817474 0.252594 0.080666 0.096656
12 0.794658 0.159973 0.068772 0.077825
11 0.738646 0.155457 0.063149 0.084550
11 0.752757 0.251057 0.061311 0.095503
11 0.793036 0.363278 0.068123 0.106649
11 0.847102 0.494331 0.080017 0.126633
10 0.779304 0.494908 0.063149 0.123174
10 0.730536 0.368755 0.060554 0.111068
10 0.699881 0.251537 0.059364 0.092237
10 0.686148 0.153824 0.058067 0.083205
9 0.635218 0.154304 0.060013 0.093390
9 0.643004 0.252690 0.053093 0.081091
9 0.667388 0.366545 0.063149 0.117794
9 0.711451 0.512106 0.077530 0.144504
8 0.641112 0.507686 0.074394 0.144504
8 0.605158 0.367698 0.071259 0.113182
8 0.588019 0.254900 0.063149 0.092045
8 0.583640 0.159877 0.059364 0.082244
7 0.568285 0.505380 0.077530 0.142198
7 0.541739 0.367698 0.061851 0.113182
7 0.531683 0.253747 0.056877 0.085511
7 0.533629 0.152671 0.051903 0.085511
6 0.481401 0.152671 0.047578 0.090123
6 0.476373 0.254324 0.061311 0.093198
6 0.480753 0.367121 0.066176 0.121253
6 0.495783 0.509320 0.070069 0.134320
5 0.425119 0.507686 0.069961 0.135665
5 0.413549 0.365488 0.061959 0.115680
5 0.415063 0.255477 0.055039 0.088970
5 0.429498 0.152671 0.049957 0.085511
4 0.375757 0.152095 0.051254 0.088970
4 0.361321 0.254900 0.048767 0.094350
4 0.354779 0.366065 0.058175 0.109915
4 0.352617 0.508167 0.073746 0.138932
3 0.300335 0.255477 0.054390 0.097809
3 0.286657 0.370484 0.056877 0.121061
3 0.275032 0.515469 0.067582 0.151230
3 0.328503 0.154400 0.050606 0.088970
2 0.277519 0.153824 0.042496 0.096656
2 0.245026 0.256533 0.044983 0.102229
2 0.229401 0.368851 0.063689 0.108955
2 0.205017 0.514892 0.070069 0.141238
1 0.141544 0.513836 0.073097 0.154497
1 0.159115 0.367698 0.065636 0.115488
1 0.186581 0.259320 0.060662 0.096656
1 0.226590 0.149404 0.055688 0.087817
0 0.171280 0.150461 0.049957 0.112221
0 0.118458 0.257686 0.071907 0.108762
0 0.097805 0.373751 0.078179 0.132206
0 0.066231 0.522675 0.092452 0.161030
13 0.433824 0.688221 0.091263 0.190046
13 0.522329 0.679862 0.088127 0.184473