0 0.162305 0.240399 0.104455 0.189708
0 0.142193 0.430876 0.115701 0.204301
0 0.129109 0.636521 0.113322 0.213134
1 0.259299 0.250384 0.102076 0.203533
1 0.240809 0.432028 0.115268 0.204301
1 0.231077 0.632680 0.116998 0.203149
2 0.354347 0.252112 0.104455 0.197773
2 0.345372 0.430876 0.105104 0.211214
2 0.334991 0.630952 0.106834 0.199693
3 0.447664 0.246544 0.098183 0.204301
3 0.437500 0.424923 0.099481 0.227727
3 0.434472 0.618088 0.098183 0.214670
4 0.537413 0.245968 0.092561 0.194700
4 0.535143 0.435292 0.093209 0.193164
4 0.533088 0.624808 0.095156 0.174347
5 0.629433 0.242512 0.088884 0.203149
5 0.631596 0.430300 0.093209 0.192396
5 0.631596 0.614823 0.095804 0.201229
6 0.721021 0.237135 0.085640 0.183180
6 0.725779 0.421467 0.091263 0.183180
6 0.729779 0.612519 0.097102 0.203533
7 0.818663 0.420315 0.093209 0.185484
7 0.823313 0.609831 0.101211 0.201997
7 0.808932 0.238671 0.086289 0.182412
8 0.900627 0.229263 0.095804 0.169739
8 0.914684 0.413786 0.094939 0.185484
8 0.927119 0.609255 0.105104 0.207757