0 0.197232 0.275461 0.101860 0.142390
0 0.201611 0.428228 0.105644 0.136626
0 0.204693 0.594350 0.101860 0.117602
0 0.209991 0.845503 0.086289 0.193313
1 0.278168 0.278728 0.095048 0.146618
1 0.286603 0.431015 0.088127 0.139892
1 0.290387 0.591084 0.090722 0.142198
1 0.287251 0.842141 0.075584 0.200038
2 0.356023 0.272675 0.081856 0.163336
2 0.360078 0.424289 0.080017 0.133359
2 0.362889 0.585992 0.076990 0.136626
2 0.361375 0.834935 0.075043 0.203305
3 0.434202 0.269889 0.081856 0.160069
3 0.439446 0.426018 0.075043 0.152191
3 0.439500 0.589931 0.081207 0.142198
3 0.436689 0.829362 0.078179 0.203305
4 0.512327 0.274404 0.079369 0.164489
4 0.517355 0.426018 0.076881 0.152191
4 0.517301 0.579842 0.079369 0.137779
4 0.513300 0.830419 0.073746 0.207725
6 0.666144 0.272675 0.074503 0.145657
6 0.669875 0.419965 0.073097 0.148924
6 0.670199 0.570427 0.073746 0.147771
6 0.661440 0.822156 0.078720 0.206572
7 0.739890 0.272098 0.076881 0.151038
7 0.745891 0.420446 0.073746 0.141045
7 0.750216 0.569946 0.076341 0.144504
7 0.733672 0.824846 0.086938 0.207725
8 0.829963 0.416026 0.096994 0.134512
8 0.833099 0.572156 0.088127 0.146618
8 0.807147 0.817640 0.087478 0.206764
8 0.821799 0.267102 0.079369 0.143351
5 0.591101 0.420542 0.073205 0.147771
5 0.587316 0.269408 0.071907 0.163336
5 0.594561 0.582725 0.071259 0.150077
5 0.586073 0.824366 0.074394 0.199846