9 0.496432 0.128648 0.084559 0.166667
9 0.507029 0.300307 0.085856 0.194316
9 0.514273 0.483679 0.078720 0.185484
13 0.406574 0.305300 0.091263 0.213518
13 0.816176 0.293779 0.068339 0.181260
9 0.531791 0.807988 0.106401 0.258833
10 0.578071 0.133833 0.073962 0.167819
10 0.590290 0.297043 0.074611 0.180876
10 0.600887 0.476382 0.073313 0.193164
10 0.619702 0.794739 0.081964 0.254608
11 0.653222 0.144201 0.065095 0.160138
11 0.671929 0.296467 0.075260 0.177419
11 0.688149 0.464286 0.080017 0.171275
11 0.702855 0.783218 0.088235 0.237711
12 0.722210 0.146505 0.070718 0.170891
12 0.744161 0.294739 0.073097 0.183180
12 0.766652 0.465438 0.074394 0.182028
12 0.786116 0.762673 0.079585 0.241167