8 0.596399 0.250961 0.072556 0.142198
8 0.598940 0.374327 0.078720 0.133359
8 0.595210 0.508263 0.082504 0.125673
8 0.595480 0.738278 0.064446 0.181015
7 0.532656 0.733762 0.060121 0.181207
7 0.529844 0.514892 0.069420 0.121253
7 0.532926 0.388739 0.071907 0.122214
7 0.532331 0.264316 0.068123 0.108955
6 0.475130 0.274308 0.065095 0.106649
6 0.478860 0.397194 0.067582 0.123367
6 0.474211 0.519889 0.059364 0.113182
5 0.418199 0.521618 0.055039 0.116641
5 0.418901 0.400461 0.051254 0.116833
5 0.419766 0.281034 0.045631 0.113182
6 0.473237 0.738278 0.055039 0.185626
5 0.421983 0.728286 0.050065 0.183321
4 0.373216 0.727709 0.051362 0.191007
3 0.324124 0.723290 0.049416 0.184473
4 0.365701 0.521522 0.047578 0.112221
4 0.370404 0.407187 0.045740 0.101076
4 0.378244 0.289297 0.051254 0.116641
3 0.331964 0.291603 0.041306 0.114335
3 0.326016 0.411606 0.046929 0.114527
3 0.322556 0.532667 0.041306 0.118755
2 0.276006 0.535453 0.041847 0.111261
2 0.281628 0.719350 0.049416 0.152383
2 0.280980 0.417756 0.035575 0.113374
2 0.286657 0.302171 0.039360 0.097809
1 0.247513 0.313221 0.044983 0.108762
1 0.240052 0.422175 0.047578 0.104535
1 0.234429 0.528824 0.044983 0.102229
1 0.240647 0.716564 0.055039 0.133359
0 0.198475 0.319850 0.054390 0.095503
0 0.193177 0.424865 0.053741 0.103382
0 0.186581 0.534301 0.050714 0.095503
0 0.192528 0.714931 0.052444 0.136626
0 0.934094 0.161606 0.077530 0.161030