10 0.202530 0.289297 0.108780 0.196580
2 0.283791 0.283820 0.093750 0.181015
8 0.364133 0.281610 0.090722 0.158916
4 0.450151 0.274981 0.081315 0.163336
8 0.524816 0.258839 0.089425 0.173328
7 0.610186 0.254420 0.076341 0.173328
8 0.685229 0.242698 0.075043 0.161030
3 0.762435 0.241065 0.066825 0.157763
4 0.836505 0.237125 0.078720 0.163336
0 0.187554 0.457052 0.100022 0.167756
0 0.278493 0.443793 0.081856 0.158916
11 0.364782 0.438317 0.094399 0.163336
2 0.449773 0.432648 0.088127 0.156610
6 0.529574 0.423232 0.088776 0.168909
6 0.613971 0.418236 0.086289 0.172367
0 0.697989 0.405457 0.080666 0.168716
10 0.778979 0.399981 0.073746 0.177748
1 0.856510 0.391622 0.078720 0.174481
11 0.173443 0.633167 0.108131 0.173328
5 0.262543 0.615968 0.078720 0.156610
6 0.356023 0.613759 0.089425 0.165642
4 0.445772 0.604343 0.082504 0.173328
2 0.530493 0.592141 0.079369 0.184281
4 0.616079 0.587625 0.078179 0.173328
3 0.697718 0.573789 0.073854 0.178709
9 0.782385 0.565527 0.083153 0.184473
7 0.865322 0.553228 0.077530 0.186779