10 0.275357 0.193217 0.106942 0.248847
2 0.377865 0.210992 0.094399 0.226749
8 0.466966 0.241545 0.072556 0.194466
0 0.543307 0.254900 0.071259 0.196580
10 0.614241 0.272675 0.061959 0.176787
4 0.676146 0.287087 0.056877 0.165642
13 0.730536 0.298809 0.059472 0.151038
7 0.780872 0.312644 0.048767 0.145657
2 0.834937 0.321003 0.050714 0.135473
0 0.285359 0.403824 0.108131 0.216564
7 0.391382 0.409877 0.100022 0.217909
5 0.482915 0.421022 0.075692 0.202152
8 0.565744 0.428805 0.068772 0.202344
0 0.639868 0.438797 0.058067 0.175442
11 0.704909 0.439374 0.070718 0.170061
12 0.762760 0.448789 0.063798 0.160069
8 0.814933 0.452729 0.050714 0.154497
3 0.864025 0.454939 0.053741 0.156610
11 0.307256 0.638259 0.123162 0.236549
5 0.418577 0.619427 0.098183 0.230015
3 0.516382 0.620965 0.081207 0.220023
13 0.598616 0.615968 0.079369 0.218870
10 0.674903 0.618274 0.076881 0.196580
0 0.738971 0.611549 0.056228 0.170061
9 0.795577 0.605976 0.066933 0.167756
7 0.848724 0.607129 0.050606 0.152383
6 0.899978 0.606072 0.055580 0.154497