0 0.210748 0.251344 0.111375 0.247696
0 0.201125 0.475230 0.112024 0.257680
0 0.202314 0.705837 0.118296 0.221198
1 0.321799 0.270929 0.103374 0.213134
1 0.317798 0.474846 0.102725 0.243088
1 0.318123 0.703725 0.100779 0.225422
2 0.416631 0.282642 0.077638 0.203533
2 0.420740 0.484255 0.081964 0.213518
2 0.419118 0.693164 0.082612 0.221966
3 0.512651 0.494816 0.080666 0.205453
3 0.518274 0.689324 0.085856 0.183564
4 0.592236 0.500960 0.070718 0.175499
3 0.502379 0.306452 0.080017 0.206605
4 0.582504 0.318740 0.066393 0.211214
4 0.601535 0.682604 0.076773 0.187788
5 0.649438 0.330837 0.071367 0.175499
5 0.663495 0.500960 0.067042 0.177803
5 0.676579 0.680876 0.070718 0.162058
6 0.713235 0.354839 0.054931 0.163594
6 0.739187 0.677419 0.064446 0.166667
7 0.796388 0.674923 0.049957 0.170123
8 0.851860 0.667627 0.054498 0.162442
7 0.766760 0.354647 0.049524 0.167819
6 0.728266 0.513057 0.063798 0.164363
7 0.782980 0.511521 0.054282 0.156682
8 0.840290 0.504224 0.052552 0.144393
8 0.818015 0.368664 0.050822 0.133641
10 0.851427 0.149770 0.036332 0.117512
9 0.811419 0.127112 0.038927 0.129800
11 0.882137 0.152458 0.032439 0.092166
12 0.914144 0.171467 0.033737 0.087942
10 0.900303 0.279186 0.035035 0.099078
9 0.860835 0.266513 0.043901 0.104455
11 0.932850 0.291475 0.041306 0.112135
12 0.967885 0.321429 0.045199 0.114439
13 0.864944 0.383065 0.043036 0.113287
9 0.902574 0.396505 0.035683 0.126344
10 0.937824 0.416475 0.037413 0.115591
11 0.966587 0.422619 0.031358 0.098694
9 0.931985 0.545507 0.048227 0.135561
10 0.969831 0.549155 0.040009 0.119048