0 0.124351 0.083782 0.086289 0.165642
0 0.126838 0.321003 0.097535 0.182360
0 0.121864 0.519312 0.103806 0.201191
0 0.127811 0.747118 0.098183 0.227902
1 0.206910 0.101076 0.082504 0.173328
1 0.219074 0.310434 0.084343 0.181207
1 0.226590 0.521042 0.093101 0.186587
1 0.230699 0.741545 0.101319 0.203305
2 0.289144 0.113759 0.080666 0.172175
2 0.303471 0.318793 0.084451 0.171022
2 0.316933 0.520465 0.089965 0.181207
2 0.328179 0.732129 0.084991 0.184473
3 0.358834 0.122694 0.072556 0.172367
3 0.375378 0.323213 0.073205 0.159877
3 0.394788 0.512106 0.074394 0.159877
3 0.411062 0.721560 0.078179 0.172175
4 0.442312 0.330419 0.065636 0.147771
4 0.423875 0.133167 0.063798 0.142198
4 0.462316 0.507110 0.066933 0.154497
4 0.479779 0.699846 0.069420 0.164489
5 0.482321 0.145465 0.065636 0.148732
5 0.504542 0.342141 0.063798 0.151230
5 0.520437 0.507686 0.063149 0.148732
5 0.542333 0.682648 0.069312 0.156610
6 0.537954 0.160453 0.059472 0.138739
6 0.560175 0.338297 0.058715 0.138932
6 0.576395 0.500480 0.061311 0.134320
6 0.601427 0.664873 0.063798 0.143351
7 0.589587 0.168236 0.048767 0.118947
7 0.609213 0.341564 0.056877 0.132398
7 0.628622 0.496061 0.065636 0.145465
7 0.651168 0.658820 0.058175 0.151230
8 0.639544 0.187644 0.048767 0.128939
8 0.655493 0.344927 0.051903 0.121061
8 0.677660 0.485492 0.057526 0.126633
8 0.700530 0.646618 0.051795 0.144504
9 0.684310 0.198789 0.049416 0.117794
9 0.702692 0.349347 0.055039 0.127594
9 0.722697 0.488759 0.050065 0.115488
9 0.744593 0.635473 0.051254 0.135665
10 0.791847 0.625480 0.045631 0.115680
10 0.762435 0.480976 0.039360 0.111068
10 0.743404 0.352133 0.046280 0.104343
10 0.725887 0.213778 0.046280 0.096656
11 0.765571 0.217621 0.039360 0.095503
11 0.780872 0.349347 0.040117 0.101076
11 0.802768 0.477133 0.044983 0.103382
11 0.828071 0.617121 0.036981 0.094350
12 0.864998 0.601556 0.036873 0.096656
12 0.837478 0.463778 0.033088 0.094350
12 0.818718 0.349827 0.041847 0.106649
12 0.806228 0.223770 0.040657 0.103190
13 0.570502 0.886626 0.074394 0.162183
13 0.630785 0.866065 0.064987 0.183321