0 0.172470 0.221080 0.068772 0.095503
0 0.143436 0.328209 0.076881 0.101076
0 0.099373 0.447636 0.065095 0.115488
0 0.064338 0.582148 0.073746 0.144312
10 0.231293 0.215988 0.070069 0.094543
10 0.204098 0.327633 0.060662 0.102229
10 0.176903 0.442064 0.086289 0.117794
10 0.145329 0.583301 0.075692 0.146618
2 0.287251 0.218870 0.066933 0.091084
2 0.268490 0.324366 0.070718 0.104535
2 0.249405 0.442640 0.077530 0.116641
2 0.224103 0.584839 0.088127 0.138932
3 0.342885 0.217141 0.063149 0.092237
3 0.328828 0.324942 0.065095 0.101076
3 0.319150 0.443217 0.076881 0.115488
3 0.300984 0.583782 0.083153 0.136818
4 0.399816 0.213874 0.060662 0.092237
4 0.391003 0.324366 0.063149 0.104535
4 0.383867 0.443217 0.068772 0.115488
4 0.372946 0.580995 0.080666 0.126633
5 0.455450 0.210415 0.059472 0.089931
5 0.451665 0.325999 0.056877 0.105496
5 0.449178 0.437164 0.064446 0.109915
5 0.448854 0.574846 0.070069 0.136626
6 0.513571 0.208301 0.053093 0.101076
6 0.515787 0.321580 0.056228 0.103190
6 0.514219 0.437164 0.060662 0.114527
6 0.523573 0.573309 0.069420 0.137779
7 0.572989 0.207148 0.055580 0.098770
7 0.574881 0.319946 0.059364 0.102229
7 0.582396 0.428228 0.063149 0.110108
7 0.594237 0.572636 0.069312 0.141045
8 0.629596 0.208301 0.060013 0.101076
8 0.634570 0.317160 0.058715 0.107802
8 0.647059 0.428228 0.068772 0.116641
8 0.667063 0.568793 0.075043 0.137586
9 0.685500 0.206572 0.059364 0.095696
9 0.695231 0.317640 0.067582 0.102229
9 0.713343 0.428805 0.073746 0.120100
9 0.741458 0.565430 0.081315 0.144312
10 0.744593 0.207148 0.062500 0.103382
10 0.759948 0.314950 0.068123 0.109915
10 0.780872 0.424385 0.074935 0.120100
10 0.815852 0.561587 0.084991 0.138932
11 0.818393 0.306591 0.071259 0.104343
11 0.804931 0.201576 0.066825 0.092237
11 0.850238 0.424385 0.080017 0.117794
11 0.890247 0.552171 0.086289 0.128939
12 0.868728 0.196099 0.069420 0.096656
12 0.883110 0.304958 0.074394 0.101076
12 0.916847 0.414969 0.081964 0.116641
12 0.959667 0.544869 0.087587 0.130092
13 0.454152 0.751057 0.075692 0.171214
13 0.536440 0.749904 0.080017 0.175442