8 0.578612 0.186587 0.091912 0.139892
9 0.956585 0.085415 0.082504 0.168909
8 0.581423 0.335992 0.092561 0.134320
8 0.579531 0.482706 0.090074 0.123367
8 0.583586 0.729823 0.074394 0.193313
7 0.503244 0.488182 0.067474 0.125480
7 0.503893 0.336568 0.067474 0.133167
7 0.500162 0.196003 0.067582 0.156802
7 0.511678 0.731553 0.074394 0.192160
6 0.436689 0.210415 0.059364 0.145657
6 0.439500 0.350980 0.064987 0.128939
6 0.440420 0.497118 0.063149 0.132206
6 0.447935 0.732610 0.074503 0.178901
5 0.377595 0.497214 0.062500 0.127786
5 0.376622 0.362125 0.058175 0.142390
5 0.378514 0.216084 0.059364 0.147771
4 0.324124 0.235972 0.053093 0.132206
4 0.321962 0.364335 0.056337 0.124520
4 0.322232 0.492698 0.051903 0.121061
4 0.334451 0.713201 0.063798 0.186587
5 0.384516 0.730976 0.068772 0.175634
3 0.277844 0.712721 0.065636 0.172175
3 0.269410 0.493755 0.053741 0.110108
3 0.269464 0.369908 0.051254 0.122214
3 0.271951 0.244331 0.052552 0.115488
2 0.227833 0.709935 0.058175 0.151230
2 0.220048 0.503843 0.044983 0.114527
2 0.217236 0.377114 0.050606 0.107802
2 0.220642 0.246061 0.052444 0.125480
1 0.181282 0.707629 0.058715 0.160069
1 0.168144 0.499904 0.058824 0.117794
1 0.167171 0.377114 0.050606 0.107802
1 0.169064 0.256630 0.049416 0.117794
0 0.117160 0.268832 0.055688 0.104535
0 0.114079 0.378843 0.056877 0.095503
0 0.108726 0.502690 0.064987 0.105688
0 0.128731 0.705995 0.067582 0.152191