10 0.215344 0.249327 0.056985 0.103190
2 0.266598 0.229343 0.054390 0.107802
8 0.318177 0.213201 0.058715 0.104343
0 0.371972 0.202152 0.044983 0.104535
10 0.428849 0.176018 0.063798 0.118755
4 0.492593 0.152671 0.055039 0.118947
6 0.554877 0.128267 0.060662 0.130092
7 0.619539 0.108859 0.069961 0.126633
2 0.693609 0.085415 0.078179 0.126633
0 0.193177 0.354823 0.061311 0.107802
7 0.246594 0.344927 0.056985 0.112221
5 0.298767 0.326576 0.051254 0.104343
8 0.353482 0.317640 0.058175 0.104535
0 0.411981 0.298232 0.054931 0.105688
11 0.479833 0.283820 0.071907 0.118755
12 0.543901 0.262683 0.067474 0.129900
8 0.612673 0.237702 0.063798 0.115680
3 0.692420 0.212721 0.076881 0.129900
11 0.191879 0.479343 0.071259 0.116641
5 0.246594 0.472617 0.053093 0.118947
3 0.300714 0.458205 0.063798 0.127786
4 0.360727 0.448213 0.061202 0.127786
10 0.424795 0.432744 0.066933 0.143351
0 0.486375 0.416603 0.061202 0.142198
9 0.556715 0.403248 0.079477 0.140085
7 0.629542 0.380477 0.067474 0.149885
6 0.708369 0.370484 0.075043 0.152191
4 0.182850 0.697156 0.058175 0.152191
12 0.242539 0.686011 0.053849 0.136818
2 0.296334 0.674385 0.050065 0.151230
1 0.356023 0.665450 0.054390 0.155650
7 0.419496 0.664969 0.056337 0.170061
6 0.486429 0.657667 0.066285 0.168909
11 0.555796 0.649404 0.070069 0.176595
8 0.629217 0.642102 0.079369 0.188893
13 0.711451 0.635377 0.090074 0.188893
7 0.156574 0.859915 0.064446 0.175634
3 0.215344 0.855976 0.056985 0.170061
12 0.275681 0.839354 0.058715 0.152191
13 0.337587 0.850980 0.063798 0.180054
7 0.404520 0.856553 0.068772 0.188893
5 0.476049 0.846080 0.066933 0.183321
4 0.553255 0.847713 0.076233 0.200038
2 0.634894 0.845503 0.089425 0.213297
5 0.728049 0.849347 0.103157 0.227902