0 0.397329 0.199366 0.094399 0.158916
0 0.389165 0.360492 0.093209 0.174481
0 0.383867 0.536606 0.091263 0.175442
0 0.387003 0.836568 0.086289 0.240008
10 0.472643 0.536606 0.087587 0.188893
10 0.473562 0.835992 0.090722 0.243467
10 0.643328 0.367121 0.085099 0.190046
10 0.472264 0.365488 0.083153 0.184473
10 0.480753 0.203209 0.086289 0.160069
11 0.560770 0.211568 0.081315 0.172175
11 0.558932 0.368755 0.087587 0.186779
11 0.557039 0.536030 0.085099 0.187740
11 0.562392 0.830995 0.098183 0.248847
12 0.641112 0.206572 0.084343 0.168716
12 0.639868 0.366065 0.083153 0.183321
12 0.643004 0.530938 0.084451 0.173328
12 0.645491 0.823309 0.094399 0.251153
13 0.731780 0.352613 0.086830 0.174481
13 0.295686 0.359915 0.103698 0.179862