10 0.179066 0.343294 0.104455 0.177748
2 0.266923 0.337145 0.093750 0.167756
8 0.351644 0.334935 0.089317 0.165642
0 0.440095 0.333205 0.084991 0.171022
10 0.519842 0.327633 0.086830 0.162183
4 0.599535 0.325999 0.087478 0.161222
13 0.681174 0.316007 0.088127 0.158916
7 0.762435 0.312740 0.074394 0.156610
2 0.844020 0.306015 0.072556 0.150077
0 0.164738 0.507206 0.111916 0.167756
7 0.259732 0.508263 0.100562 0.163336
5 0.351968 0.501057 0.089965 0.160069
8 0.437608 0.497694 0.100130 0.153344
0 0.525465 0.493178 0.089425 0.166603
11 0.613592 0.483859 0.089425 0.154497
12 0.699232 0.473290 0.083153 0.162183
8 0.779898 0.467141 0.078179 0.165642
3 0.864998 0.460511 0.076881 0.167756
11 0.168793 0.693793 0.102509 0.170061
5 0.263462 0.683224 0.101968 0.177748
3 0.358240 0.675442 0.097535 0.182168
13 0.456369 0.669965 0.104996 0.200038
10 0.545415 0.665450 0.091912 0.186779
0 0.632731 0.656514 0.100022 0.197733
9 0.726481 0.653728 0.091371 0.194466
7 0.812446 0.639892 0.084451 0.199846
6 0.905277 0.637106 0.093858 0.192352