10 0.218750 0.201576 0.091263 0.165642
2 0.305363 0.200423 0.086938 0.163336
8 0.389165 0.200423 0.074394 0.152191
4 0.469183 0.198789 0.078071 0.160069
8 0.545145 0.194850 0.085099 0.152191
7 0.632677 0.191583 0.072448 0.152191
8 0.710208 0.187068 0.078720 0.156610
3 0.792766 0.184858 0.078828 0.152191
4 0.868404 0.179862 0.078720 0.142198
0 0.202206 0.360972 0.093209 0.166603
0 0.285683 0.357129 0.096237 0.174289
11 0.371378 0.357706 0.101319 0.175442
13 0.463560 0.357129 0.095588 0.183513
6 0.549849 0.353190 0.093209 0.175634
6 0.638895 0.349347 0.088776 0.176787
0 0.722102 0.343198 0.081315 0.164489
10 0.804931 0.332629 0.081964 0.161030
1 0.887760 0.333782 0.081315 0.169869
11 0.181877 0.527767 0.113754 0.188893
5 0.280006 0.529400 0.106293 0.172175
6 0.369756 0.524404 0.099373 0.182168
4 0.461992 0.521522 0.098724 0.185626
2 0.550119 0.517679 0.095048 0.193313
4 0.635813 0.515469 0.092561 0.197733
13 0.731780 0.513259 0.098075 0.206764
9 0.821205 0.508839 0.081856 0.195619
7 0.909656 0.506630 0.085099 0.200038
3 0.201611 0.856072 0.088127 0.245580
8 0.295686 0.842717 0.087478 0.238855
12 0.391328 0.834935 0.091263 0.236741
8 0.482321 0.831572 0.100670 0.238855
12 0.578612 0.831572 0.103157 0.243467
5 0.667712 0.827152 0.103806 0.250000
3 0.757083 0.817160 0.106293 0.261145
10 0.843101 0.809954 0.104455 0.255573
11 0.933445 0.804381 0.098724 0.264412