10 0.214695 0.203209 0.073205 0.126633
2 0.285035 0.200423 0.067474 0.123367
8 0.352238 0.199366 0.070610 0.125480
4 0.416631 0.197060 0.074394 0.136626
8 0.484213 0.200999 0.061851 0.133359
7 0.547956 0.201576 0.065636 0.134512
8 0.612024 0.202056 0.062500 0.126633
3 0.671767 0.198789 0.054390 0.122406
4 0.734916 0.202056 0.073205 0.126633
0 0.204693 0.330515 0.080666 0.141045
0 0.274762 0.327152 0.073097 0.134320
11 0.343209 0.324846 0.075043 0.136626
13 0.414144 0.328209 0.079369 0.143351
6 0.484483 0.325999 0.077530 0.147771
6 0.548605 0.326576 0.064338 0.135473
0 0.614241 0.326576 0.068231 0.133167
10 0.676146 0.321003 0.061851 0.128939
1 0.744323 0.316007 0.065636 0.127786
11 0.193447 0.468870 0.085640 0.142198
5 0.262868 0.464835 0.070718 0.143351
6 0.342236 0.462145 0.075692 0.144504
4 0.411657 0.462625 0.069420 0.138932
2 0.477022 0.459839 0.066285 0.133359
4 0.544172 0.458205 0.065636 0.136626
5 0.616458 0.453786 0.068772 0.141238
9 0.687067 0.448309 0.067474 0.132206
7 0.751189 0.452152 0.061851 0.144504
3 0.204423 0.708782 0.078828 0.175442
8 0.281034 0.708205 0.074394 0.178901
12 0.355699 0.701095 0.071259 0.177748
8 0.425768 0.698213 0.072556 0.176595
12 0.497621 0.691007 0.073746 0.175634
13 0.566393 0.686587 0.078720 0.184473
3 0.636138 0.680534 0.075692 0.178901
10 0.699611 0.671599 0.068772 0.163336
11 0.768977 0.668236 0.083802 0.167756
7 0.189392 0.902095 0.080125 0.188893
2 0.268166 0.894312 0.076341 0.191007
5 0.346021 0.887683 0.078071 0.188893
3 0.425065 0.881533 0.068772 0.210031
6 0.498540 0.876633 0.078179 0.193313
0 0.571421 0.872118 0.076233 0.186587
12 0.643328 0.868274 0.076233 0.187740
7 0.708045 0.857129 0.073097 0.187740
2 0.791793 0.856649 0.089425 0.184473