10 0.275681 0.162759 0.092452 0.194466
2 0.358240 0.186587 0.091263 0.175634
8 0.442636 0.199366 0.078828 0.176595
4 0.519518 0.210992 0.067582 0.164489
8 0.589533 0.226556 0.070069 0.166795
7 0.653276 0.239335 0.060013 0.161222
8 0.716479 0.252114 0.054931 0.151038
3 0.771788 0.263259 0.048119 0.135665
4 0.827747 0.273732 0.052552 0.138932
0 0.266274 0.336568 0.096345 0.191199
0 0.359159 0.347617 0.090722 0.193313
11 0.444474 0.357129 0.085099 0.174289
13 0.527033 0.363759 0.072448 0.174481
6 0.597697 0.377690 0.066285 0.177748
6 0.661494 0.379900 0.066285 0.166795
0 0.735240 0.392679 0.066285 0.141238
10 0.791793 0.396618 0.060662 0.133359
1 0.851481 0.398828 0.060013 0.140085
11 0.256920 0.517102 0.098832 0.194466
5 0.352563 0.517679 0.088776 0.184473
6 0.445123 0.522675 0.076233 0.176787
4 0.524816 0.524885 0.076881 0.178901
3 0.601427 0.524308 0.065095 0.171214
4 0.670848 0.528248 0.073746 0.172175
5 0.742701 0.533244 0.066285 0.164489
9 0.810932 0.542083 0.066285 0.171022
7 0.872783 0.548232 0.062608 0.172175
3 0.267842 0.863759 0.110727 0.252114
8 0.374135 0.852133 0.101860 0.257686
12 0.463560 0.842141 0.091912 0.259992
8 0.546767 0.830995 0.083153 0.246541
12 0.618026 0.816583 0.089425 0.226556
13 0.692744 0.809954 0.082504 0.222137
3 0.759570 0.800538 0.066285 0.214450
10 0.819637 0.791026 0.063798 0.215411
11 0.879974 0.788816 0.079369 0.195619