0 0.180796 0.276498 0.106401 0.157450
0 0.162630 0.453149 0.118945 0.191244
0 0.150952 0.640937 0.123270 0.193548
1 0.271843 0.276498 0.099481 0.193548
2 0.360943 0.275346 0.092561 0.182028
1 0.263949 0.451997 0.120026 0.208909
2 0.354347 0.441436 0.098400 0.190092
1 0.253893 0.640937 0.103806 0.219662
2 0.348724 0.638057 0.103157 0.205453
3 0.451990 0.268817 0.090830 0.184332
3 0.443880 0.440476 0.090614 0.196621
3 0.444096 0.632488 0.097535 0.198925
4 0.537954 0.266513 0.087587 0.191244
4 0.533629 0.437596 0.090182 0.202381
4 0.535792 0.618664 0.094507 0.186636
5 0.622189 0.259793 0.083045 0.184716
5 0.623378 0.429339 0.079369 0.194316
6 0.707504 0.251536 0.087587 0.176651
6 0.716371 0.427035 0.083694 0.196621
6 0.724805 0.608103 0.094507 0.187788
7 0.796713 0.250384 0.085640 0.174347
7 0.806985 0.421467 0.087587 0.198541
7 0.817690 0.602151 0.086505 0.184332
8 0.879974 0.238671 0.078287 0.157834
8 0.886462 0.407642 0.082612 0.182412
8 0.909386 0.602535 0.090830 0.183564
5 0.629001 0.615399 0.091912 0.177803