10 0.212208 0.272098 0.114511 0.246733
2 0.334180 0.291603 0.105644 0.216564
8 0.448259 0.299962 0.095048 0.204458
4 0.552984 0.314854 0.086938 0.190046
8 0.641436 0.321003 0.073746 0.191199
7 0.716155 0.316583 0.076990 0.186587
0 0.295037 0.479919 0.122513 0.217717
11 0.424200 0.478286 0.098183 0.212145
2 0.518599 0.482129 0.081964 0.206764
6 0.617971 0.477709 0.079369 0.193313
6 0.702098 0.478286 0.071367 0.194466
0 0.783088 0.479343 0.079369 0.198885
11 0.303525 0.699366 0.126946 0.205419
5 0.427930 0.686587 0.108240 0.202152
6 0.554877 0.677748 0.089425 0.193313
4 0.678633 0.667756 0.073097 0.184473
2 0.778060 0.664873 0.094399 0.192160