13 0.589857 0.276038 0.104455 0.170061
13 0.209072 0.365488 0.064338 0.164489
9 0.286603 0.187164 0.076881 0.143351
9 0.278168 0.350980 0.071259 0.148924
9 0.274113 0.509320 0.074394 0.138932
9 0.296659 0.762106 0.065636 0.215603
10 0.358510 0.164873 0.064338 0.143351
10 0.347589 0.330995 0.066285 0.148924
10 0.344453 0.493274 0.064987 0.142198
10 0.362565 0.762683 0.068772 0.232129
11 0.433824 0.759320 0.075043 0.230015
11 0.417928 0.482706 0.081964 0.154497
11 0.415441 0.316583 0.080666 0.168909
11 0.430093 0.141526 0.077530 0.147771
12 0.508867 0.117698 0.070069 0.168909
12 0.497946 0.302652 0.076990 0.161030
12 0.501730 0.474923 0.090614 0.158916
12 0.515409 0.763259 0.083153 0.244427