0 0.168739 0.276614 0.098724 0.166603
0 0.188473 0.453786 0.108131 0.165450
0 0.199665 0.629420 0.100670 0.138932
0 0.204747 0.916026 0.095696 0.183321
1 0.261624 0.277191 0.090722 0.167756
1 0.282548 0.443313 0.087587 0.153344
1 0.291631 0.614335 0.088235 0.159877
1 0.299795 0.888836 0.094399 0.237702
2 0.340074 0.272675 0.076341 0.172175
2 0.359808 0.421022 0.078179 0.151038
2 0.375108 0.584358 0.076341 0.171022
2 0.382894 0.872694 0.090614 0.227709
3 0.419766 0.264316 0.069420 0.155457
3 0.439176 0.407187 0.076881 0.143351
3 0.451016 0.567640 0.074394 0.151038
3 0.460478 0.848290 0.071907 0.238855
4 0.490106 0.253171 0.061311 0.146618
4 0.511083 0.396618 0.064338 0.155650
4 0.525195 0.546599 0.057526 0.148924
4 0.531683 0.816583 0.069420 0.231168
5 0.552660 0.243755 0.066176 0.145465
5 0.575746 0.384896 0.066285 0.145657
5 0.588884 0.534301 0.068772 0.157763
5 0.588614 0.776038 0.064338 0.216564
6 0.611429 0.247694 0.051362 0.144504
6 0.637976 0.378267 0.061851 0.141238
6 0.652033 0.519312 0.063798 0.130092
6 0.651438 0.764892 0.067582 0.176595
7 0.667712 0.241545 0.057526 0.134512
7 0.695177 0.364912 0.051254 0.125673
7 0.710208 0.504324 0.047578 0.144312
7 0.713668 0.734339 0.056877 0.191199
8 0.725833 0.226653 0.055039 0.137779
8 0.755839 0.357129 0.052552 0.134320
8 0.767139 0.484339 0.053741 0.128939
8 0.775519 0.713201 0.069420 0.180054
9 0.834288 0.080515 0.049416 0.101076
9 0.865268 0.198789 0.056228 0.113182
9 0.935662 0.392102 0.051903 0.128939
10 0.876568 0.084358 0.032548 0.099923
10 0.910900 0.225500 0.041306 0.108955
10 0.974373 0.379900 0.038062 0.122214
11 0.951881 0.227613 0.035683 0.117794
11 0.910575 0.087625 0.040657 0.102229
12 0.951557 0.100500 0.043685 0.109915
12 0.986862 0.227709 0.038170 0.113374