0 0.146897 0.148251 0.061311 0.138932
0 0.139057 0.343774 0.058175 0.138739
0 0.125919 0.494331 0.061959 0.140085
0 0.115647 0.654881 0.064987 0.143351
1 0.209072 0.150461 0.059364 0.143351
1 0.204044 0.327152 0.056877 0.138932
1 0.192204 0.498271 0.059364 0.143351
1 0.184364 0.666026 0.058824 0.152191
2 0.272545 0.147098 0.061311 0.136626
2 0.264436 0.329939 0.056337 0.151038
2 0.263462 0.497694 0.065636 0.148732
2 0.257569 0.672175 0.067474 0.153344
3 0.335424 0.146042 0.063149 0.143351
3 0.330990 0.328786 0.068123 0.144504
3 0.331315 0.497694 0.067474 0.151038
3 0.325368 0.679862 0.064446 0.153344
4 0.395761 0.142679 0.052552 0.145465
4 0.393815 0.328786 0.062500 0.142198
4 0.394788 0.498751 0.061851 0.146618
4 0.389490 0.676018 0.063798 0.152191
5 0.453882 0.140469 0.062608 0.143351
5 0.456369 0.333205 0.060013 0.144504
5 0.456369 0.498174 0.062608 0.147771
5 0.459505 0.673809 0.063689 0.165450
6 0.519518 0.144312 0.066285 0.139892
6 0.520167 0.329939 0.058715 0.144504
6 0.516382 0.495484 0.066285 0.144312
6 0.527033 0.663240 0.065095 0.153151
7 0.589263 0.669389 0.060662 0.145465
8 0.648951 0.149885 0.067582 0.144504
7 0.580179 0.331572 0.066285 0.145465
7 0.582721 0.143159 0.057526 0.142198
7 0.582991 0.492121 0.060662 0.144504
8 0.644896 0.328209 0.059472 0.143351
8 0.648302 0.488278 0.058715 0.145657
8 0.656142 0.665450 0.066825 0.153344
9 0.714263 0.159397 0.061959 0.150077
9 0.710802 0.327633 0.060013 0.144504
9 0.721507 0.492121 0.060013 0.144504
9 0.725562 0.663720 0.061851 0.152191
10 0.780872 0.159301 0.061311 0.143351
10 0.777087 0.326576 0.061311 0.144312
10 0.780277 0.492698 0.063798 0.152191
10 0.794658 0.660550 0.063798 0.147771
11 0.847426 0.154304 0.063149 0.142198
11 0.840560 0.322733 0.064338 0.138932
11 0.849048 0.488182 0.063798 0.150077
11 0.865322 0.657667 0.071259 0.146618
12 0.916847 0.153824 0.061851 0.134320
12 0.908413 0.325423 0.062500 0.140085
12 0.913765 0.481553 0.066933 0.143351
12 0.934689 0.653248 0.070069 0.164297
13 0.464154 0.856072 0.070610 0.163336
13 0.532331 0.855976 0.066825 0.167756