10 0.346021 0.284877 0.096886 0.187740
2 0.441393 0.298232 0.092561 0.183321
8 0.523897 0.313797 0.076341 0.167948
4 0.598940 0.324846 0.067474 0.158916
8 0.667712 0.338778 0.068772 0.171022
7 0.732429 0.345407 0.068231 0.168909
8 0.799957 0.356072 0.059472 0.154497
3 0.850616 0.367121 0.049416 0.147771
4 0.904087 0.375480 0.051254 0.133359
0 0.356618 0.468198 0.093209 0.196580
0 0.446962 0.465507 0.083802 0.180054
11 0.538927 0.472617 0.091263 0.167756
2 0.623000 0.480496 0.074503 0.170061
6 0.697718 0.486549 0.066285 0.162183
6 0.766490 0.497118 0.062608 0.152191
0 0.826503 0.499904 0.056337 0.146618
10 0.885597 0.503171 0.059472 0.146618
1 0.940636 0.506053 0.063149 0.145465
11 0.346021 0.677652 0.119377 0.222329
5 0.449503 0.673713 0.092561 0.203305
6 0.542658 0.662183 0.096345 0.202152
4 0.626135 0.663240 0.084451 0.197733
2 0.702747 0.659301 0.075043 0.192160
4 0.775249 0.652095 0.074935 0.188893
3 0.842452 0.653248 0.061851 0.184281
9 0.905006 0.654400 0.066933 0.186587
7 0.961289 0.658820 0.056877 0.191199