13 0.638084 0.352151 0.102725 0.186636
13 0.259624 0.427035 0.066393 0.163594
12 0.546821 0.366359 0.086289 0.164363
12 0.547686 0.539747 0.097102 0.182412
11 0.458802 0.548579 0.084559 0.175499
11 0.464749 0.373080 0.083910 0.140169
12 0.563906 0.206413 0.080666 0.157834
11 0.481293 0.221006 0.081964 0.140169
10 0.416955 0.242512 0.061851 0.170123
10 0.382785 0.560484 0.067474 0.165515
10 0.396843 0.395929 0.063149 0.143625
9 0.308391 0.566436 0.085208 0.162058
9 0.327206 0.410906 0.071367 0.164363
9 0.346886 0.260369 0.079585 0.127496
9 0.306120 0.850806 0.083261 0.222350
10 0.384407 0.846582 0.065528 0.240015
11 0.457288 0.844278 0.082396 0.246928
12 0.547794 0.851382 0.099481 0.258833