10 0.340398 0.129900 0.080666 0.164489
2 0.414144 0.156034 0.064446 0.141045
8 0.476968 0.174865 0.062500 0.145657
0 0.533899 0.197733 0.056337 0.133359
10 0.589263 0.215988 0.054390 0.121061
4 0.638300 0.230976 0.047578 0.113374
6 0.688689 0.247118 0.051903 0.116833
7 0.732699 0.260473 0.046280 0.107802
2 0.771843 0.272098 0.045631 0.108762
0 0.342885 0.263739 0.070718 0.147771
7 0.413279 0.273732 0.057526 0.136626
5 0.479509 0.294293 0.048767 0.126633
8 0.538873 0.310434 0.048767 0.125480
0 0.597048 0.323789 0.042496 0.118755
11 0.648356 0.335992 0.052552 0.118947
12 0.696475 0.348290 0.053849 0.125480
8 0.742755 0.358762 0.044983 0.115680
3 0.789360 0.373751 0.051903 0.109915
11 0.346994 0.403248 0.080017 0.155457
5 0.419442 0.418236 0.063798 0.158916
3 0.487943 0.427748 0.054390 0.142198
4 0.552660 0.440430 0.058824 0.154497
10 0.613917 0.451576 0.052444 0.143351
0 0.669929 0.460415 0.054390 0.145657
9 0.716804 0.472137 0.051903 0.135665
7 0.761516 0.479919 0.047470 0.131245
6 0.811202 0.483762 0.046929 0.114335
4 0.330396 0.671022 0.081856 0.191007
12 0.411981 0.669389 0.082612 0.198885
2 0.478914 0.667756 0.073746 0.193313
1 0.542928 0.668236 0.074394 0.174289
7 0.599535 0.669389 0.061311 0.165450
6 0.654250 0.668236 0.053093 0.158916
11 0.710532 0.672656 0.060554 0.150077
8 0.756758 0.677652 0.043144 0.160069
13 0.807147 0.678228 0.061311 0.152383
7 0.337262 0.874904 0.083261 0.216756
3 0.420740 0.871541 0.084991 0.201191
12 0.495404 0.857706 0.071907 0.188893
13 0.566987 0.856553 0.077530 0.188893
7 0.629866 0.853286 0.068123 0.186587
5 0.684851 0.838297 0.060662 0.167756
4 0.740538 0.835511 0.061959 0.164489
2 0.791198 0.830995 0.056877 0.155457
5 0.843426 0.829362 0.057526 0.156802