10 0.207234 0.206572 0.111916 0.186779
2 0.305363 0.203305 0.103157 0.164489
8 0.409818 0.197636 0.093209 0.168909
4 0.507948 0.189950 0.084451 0.155457
8 0.596724 0.178805 0.090722 0.175442
7 0.681174 0.181015 0.076881 0.164489
0 0.264436 0.368851 0.113862 0.160069
11 0.373216 0.361068 0.100022 0.162183
2 0.467344 0.349923 0.096886 0.166795
6 0.567042 0.341084 0.082612 0.164489
6 0.649276 0.332052 0.081856 0.162183
0 0.741782 0.327633 0.088235 0.173328
11 0.271626 0.541026 0.108131 0.160069
5 0.379433 0.534301 0.110078 0.168909
6 0.496053 0.522098 0.095696 0.175634
4 0.620513 0.506630 0.084451 0.160069
2 0.720210 0.495388 0.088776 0.153344
8 0.283521 0.867698 0.085640 0.197733
7 0.387273 0.857129 0.100670 0.238855
3 0.501730 0.854343 0.096886 0.244427
10 0.604888 0.844350 0.103157 0.249039
12 0.698367 0.834358 0.095048 0.264412