10 0.120350 0.339931 0.114403 0.202152
2 0.217236 0.335992 0.098183 0.207725
8 0.309472 0.332148 0.102509 0.195427
0 0.401384 0.324366 0.103806 0.206764
10 0.493296 0.320427 0.102509 0.201191
4 0.579855 0.314854 0.089425 0.196580
13 0.664252 0.302652 0.088235 0.183321
7 0.752109 0.299385 0.087478 0.181015
2 0.835910 0.295542 0.077530 0.173328
0 0.116512 0.525461 0.111916 0.182360
7 0.215993 0.523251 0.101968 0.171022
5 0.311311 0.511530 0.097535 0.172175
8 0.403817 0.503843 0.095048 0.174481
0 0.501676 0.495965 0.083153 0.174481
11 0.590182 0.485492 0.093858 0.168909
12 0.680850 0.477133 0.090074 0.169869
8 0.767734 0.470984 0.080017 0.173328
3 0.860294 0.458301 0.081315 0.174481
11 0.122189 0.725980 0.116998 0.192160
5 0.222264 0.715507 0.094399 0.186587
3 0.325368 0.696580 0.095588 0.179862
13 0.421334 0.693793 0.096345 0.194274
10 0.520167 0.681015 0.098724 0.179862
0 0.614565 0.677748 0.087478 0.193313
9 0.706477 0.669869 0.095048 0.186779
7 0.797470 0.661030 0.091912 0.182168
6 0.891544 0.652191 0.094939 0.195619