0 0.230050 0.225500 0.082504 0.157763
0 0.247513 0.380957 0.081315 0.146618
0 0.258488 0.549385 0.083153 0.143351
0 0.254433 0.825999 0.089965 0.230015
0 0.382623 0.223290 0.064987 0.162183
1 0.309094 0.225980 0.078179 0.163336
1 0.327260 0.382686 0.079477 0.152383
1 0.337262 0.531514 0.073097 0.132206
1 0.338235 0.806591 0.081315 0.195427
2 0.410737 0.771042 0.083802 0.175442
2 0.414144 0.516045 0.073097 0.150077
2 0.401654 0.365968 0.069312 0.138932
2 0.386354 0.217717 0.068772 0.153344
3 0.447935 0.222041 0.064338 0.157763
3 0.473886 0.361549 0.064987 0.141238
3 0.482321 0.506533 0.060662 0.144504
3 0.477292 0.744908 0.080666 0.172367
4 0.540117 0.728190 0.068772 0.190046
4 0.547362 0.497118 0.055580 0.143351
4 0.535143 0.360492 0.057526 0.143351
4 0.515787 0.220984 0.061202 0.153344
5 0.576125 0.215988 0.056877 0.149885
5 0.594237 0.349347 0.059364 0.127594
5 0.602671 0.484339 0.052444 0.124327
5 0.595804 0.712721 0.062500 0.194466
6 0.649870 0.682648 0.055580 0.178901
6 0.655493 0.470503 0.051903 0.116641
6 0.648681 0.338874 0.051903 0.117794
6 0.625487 0.218198 0.041847 0.130092
7 0.675822 0.213778 0.036332 0.130092
7 0.697070 0.338778 0.048767 0.122214
7 0.706477 0.467141 0.050065 0.123367
7 0.698638 0.679862 0.056877 0.173328
8 0.752757 0.661606 0.060013 0.163336
8 0.753676 0.465411 0.045631 0.122214
8 0.747135 0.336568 0.050065 0.115488
8 0.728698 0.208205 0.068123 0.127786
9 0.820934 0.082052 0.046280 0.102229
9 0.844939 0.199846 0.046929 0.111068
9 0.898410 0.385473 0.048767 0.126826
10 0.856510 0.094927 0.035035 0.109915
10 0.883759 0.234339 0.034386 0.117794
10 0.930634 0.379324 0.036873 0.121061
11 0.890895 0.106553 0.035035 0.097809
11 0.965614 0.386530 0.033088 0.135473
12 0.925606 0.115488 0.034386 0.113374
11 0.916522 0.240488 0.028763 0.114335
12 0.951881 0.242121 0.034386 0.115680
13 0.979671 0.563221 0.041306 0.135665