10 0.221291 0.287759 0.053741 0.126633
2 0.275032 0.276518 0.066285 0.111068
8 0.335694 0.260473 0.056337 0.130092
4 0.389760 0.247694 0.066933 0.122214
8 0.451719 0.232706 0.071907 0.123367
7 0.517950 0.219350 0.061851 0.130092
8 0.582342 0.199366 0.065636 0.127786
3 0.648951 0.182071 0.066285 0.126633
4 0.720859 0.166603 0.072556 0.135665
0 0.209126 0.411510 0.058175 0.116641
0 0.261949 0.403248 0.066285 0.111261
11 0.325097 0.393832 0.072556 0.110108
13 0.387922 0.379324 0.071907 0.114527
6 0.450422 0.365968 0.071907 0.116641
6 0.517031 0.348290 0.066285 0.125480
0 0.584559 0.333301 0.076341 0.126633
10 0.657115 0.319946 0.080017 0.131053
1 0.732104 0.306591 0.076233 0.151230
4 0.388192 0.514892 0.063798 0.121253
2 0.454477 0.501537 0.063798 0.123367
4 0.514219 0.486645 0.068231 0.126633
5 0.588938 0.469927 0.071259 0.135473
9 0.664901 0.460511 0.074394 0.127786
7 0.746486 0.452633 0.081207 0.145465
6 0.321637 0.525461 0.066933 0.126633
5 0.265084 0.541026 0.055039 0.124327
11 0.203449 0.549865 0.071907 0.128939
3 0.227184 0.755477 0.056877 0.162375
8 0.288170 0.750480 0.053849 0.165450
12 0.351644 0.745965 0.060554 0.174481
8 0.412630 0.735396 0.063798 0.173328
12 0.481023 0.725404 0.071907 0.184473
13 0.549795 0.712625 0.083153 0.187740
3 0.618620 0.701576 0.090614 0.192160
10 0.694583 0.700999 0.091371 0.193313
11 0.771843 0.689374 0.098183 0.196580
7 0.211235 0.922079 0.066285 0.157763
2 0.272221 0.911030 0.064338 0.155650
5 0.338181 0.908244 0.060013 0.156610
3 0.404466 0.902671 0.066285 0.165450
6 0.474211 0.904304 0.071907 0.182168
0 0.546118 0.899885 0.066933 0.175634
12 0.617647 0.893736 0.075043 0.172175
7 0.693609 0.890469 0.078179 0.185626
2 0.786170 0.885953 0.090722 0.190046