0 0.193123 0.224923 0.047578 0.090123
0 0.151546 0.341564 0.049416 0.110108
0 0.119053 0.454362 0.071799 0.106649
0 0.089371 0.618755 0.088776 0.153344
1 0.170956 0.612125 0.063149 0.160069
1 0.189717 0.457148 0.058067 0.118755
1 0.214100 0.338778 0.055580 0.104535
1 0.241241 0.227709 0.046280 0.093390
2 0.291631 0.224923 0.050606 0.103190
2 0.266923 0.334358 0.058715 0.102229
2 0.248162 0.458205 0.061202 0.125480
2 0.238484 0.611068 0.059364 0.151038
3 0.305958 0.613182 0.065636 0.151038
3 0.310662 0.455995 0.070069 0.123367
3 0.324449 0.339354 0.060013 0.114527
3 0.343534 0.223194 0.055580 0.097809
4 0.396032 0.227133 0.064338 0.105688
4 0.376946 0.339354 0.051254 0.112221
4 0.368188 0.457629 0.062500 0.126633
4 0.371918 0.600500 0.066285 0.143351
5 0.442907 0.604919 0.085640 0.149885
5 0.431985 0.454266 0.075043 0.122214
5 0.433553 0.334262 0.066933 0.106649
5 0.443285 0.222137 0.055039 0.097617
6 0.493566 0.222617 0.055688 0.096656
6 0.486375 0.333301 0.056228 0.106649
6 0.491079 0.455995 0.065636 0.123367
6 0.505461 0.602613 0.071907 0.143351
7 0.570177 0.596080 0.073746 0.154497
7 0.548281 0.454842 0.069961 0.123367
7 0.539522 0.335415 0.058715 0.115488
7 0.538603 0.227133 0.058175 0.101076
8 0.586127 0.222137 0.048119 0.088778
8 0.593317 0.332148 0.058824 0.100115
8 0.605482 0.449366 0.058067 0.118947
8 0.629542 0.595503 0.076341 0.155650
9 0.700800 0.604919 0.068772 0.145657
9 0.668955 0.452729 0.069961 0.123367
9 0.646464 0.329362 0.060013 0.105688
9 0.637057 0.228286 0.061311 0.103382
10 0.688960 0.223866 0.051362 0.101076
10 0.703990 0.327729 0.058715 0.106649
10 0.724265 0.453305 0.056877 0.122214
10 0.767734 0.611068 0.063798 0.164489
11 0.733997 0.225500 0.056228 0.097809
11 0.752109 0.327152 0.062608 0.107802
11 0.786819 0.451576 0.068231 0.136818
11 0.839641 0.604919 0.071367 0.156802
12 0.789306 0.217717 0.060662 0.093390
12 0.813689 0.327152 0.064446 0.107802
12 0.853698 0.446580 0.080666 0.124520
12 0.915657 0.603190 0.091912 0.162183
13 0.449503 0.802171 0.087587 0.200038
13 0.526708 0.788816 0.084343 0.193313