10 0.344183 0.169869 0.074394 0.135665
9 0.416360 0.164873 0.073854 0.125673
4 0.499838 0.158244 0.071907 0.118947
2 0.576071 0.155457 0.065636 0.124520
3 0.676471 0.146042 0.068772 0.129900
0 0.341641 0.283820 0.088127 0.132206
2 0.434202 0.279881 0.076881 0.137779
4 0.519518 0.276038 0.067582 0.141238
0 0.602995 0.269312 0.069312 0.138932
3 0.698638 0.262106 0.070718 0.133359
10 0.292550 0.425442 0.087478 0.153344
5 0.386678 0.417659 0.080666 0.157763
3 0.480482 0.411510 0.083153 0.156610
10 0.572935 0.406514 0.083153 0.166603
8 0.690528 0.395945 0.070718 0.147771
11 0.296659 0.683224 0.089425 0.175442
10 0.387868 0.667756 0.080666 0.184473
1 0.474535 0.654304 0.082504 0.182168
11 0.558607 0.648251 0.085640 0.181207
8 0.653006 0.635953 0.091912 0.178901
8 0.746756 0.628267 0.091912 0.187740
9 0.347913 0.881533 0.094399 0.198885
8 0.553904 0.847137 0.098724 0.212337
6 0.659278 0.840988 0.108131 0.217717
8 0.449773 0.876057 0.095696 0.234435