0 0.229077 0.142198 0.071907 0.162183
0 0.226914 0.342717 0.074935 0.161222
0 0.233780 0.529881 0.083694 0.171214
0 0.259407 0.747118 0.081315 0.167948
1 0.328179 0.736549 0.076341 0.179862
1 0.303471 0.523251 0.070610 0.171022
1 0.291306 0.345503 0.071367 0.155650
1 0.292279 0.148732 0.068123 0.153344
2 0.352292 0.152095 0.064446 0.148924
2 0.352563 0.339931 0.060013 0.153344
2 0.363862 0.516045 0.068772 0.158916
2 0.394139 0.724827 0.068123 0.163336
3 0.413224 0.343774 0.072556 0.152191
3 0.406034 0.163240 0.064446 0.155457
3 0.428525 0.519985 0.069420 0.153344
3 0.454855 0.715411 0.065636 0.164489
4 0.513571 0.705995 0.073205 0.163336
4 0.486105 0.511049 0.059364 0.157763
4 0.465128 0.343198 0.063689 0.153344
4 0.456964 0.165930 0.063798 0.147771
5 0.510164 0.171599 0.062500 0.149885
5 0.519518 0.342717 0.066285 0.145465
5 0.537035 0.503747 0.064987 0.145465
5 0.570772 0.697060 0.060013 0.158916
6 0.623000 0.681591 0.059364 0.149885
6 0.591750 0.499424 0.059364 0.143351
6 0.571421 0.339258 0.058715 0.147771
6 0.557310 0.172079 0.063149 0.140085
7 0.606455 0.178805 0.053741 0.140085
7 0.617377 0.336568 0.059364 0.142390
7 0.640192 0.499327 0.062608 0.150077
7 0.673010 0.673232 0.051903 0.148924
8 0.720264 0.662087 0.051254 0.137779
8 0.685554 0.490392 0.050606 0.132206
8 0.664576 0.335992 0.054931 0.136626
8 0.649546 0.179285 0.052552 0.132206
9 0.694907 0.187164 0.055688 0.125673
9 0.709018 0.333301 0.057526 0.126633
9 0.733348 0.493178 0.057526 0.137779
9 0.768328 0.661030 0.055039 0.148732
10 0.815906 0.654400 0.053741 0.140085
10 0.777790 0.492121 0.040009 0.128747
10 0.752433 0.331572 0.043144 0.123174
10 0.738971 0.189854 0.047578 0.122214
11 0.775573 0.194946 0.044442 0.116641
11 0.798064 0.332148 0.049416 0.124327
11 0.822124 0.489912 0.047578 0.124327
11 0.857753 0.654977 0.042496 0.136626
12 0.904952 0.649981 0.056877 0.148924
12 0.868404 0.481072 0.054931 0.137779
12 0.836181 0.327633 0.051903 0.124520
12 0.821853 0.200423 0.049416 0.121061
13 0.596778 0.884896 0.068123 0.174481
13 0.660521 0.877114 0.069312 0.190046