0 0.156574 0.245484 0.058175 0.151230
0 0.145978 0.418812 0.056877 0.144312
0 0.137814 0.580419 0.064338 0.147771
0 0.128785 0.746541 0.062500 0.162183
1 0.219399 0.244331 0.057526 0.151230
1 0.211559 0.414393 0.060662 0.146618
1 0.206585 0.583301 0.060662 0.148924
1 0.198151 0.752114 0.061311 0.153344
2 0.279466 0.243755 0.053741 0.145465
2 0.275087 0.409973 0.057526 0.148924
2 0.272275 0.573213 0.056877 0.139892
2 0.268490 0.752690 0.058175 0.152191
3 0.339749 0.237702 0.055580 0.144504
3 0.336343 0.408820 0.056337 0.144312
3 0.339425 0.576576 0.056228 0.148924
3 0.336613 0.752210 0.058175 0.157763
4 0.401654 0.235972 0.056985 0.143351
4 0.399167 0.404304 0.058067 0.142198
4 0.403871 0.571580 0.058824 0.147771
4 0.404466 0.749904 0.061311 0.162375
5 0.459775 0.228766 0.058175 0.157763
5 0.463560 0.401038 0.056877 0.139892
5 0.464803 0.569370 0.056985 0.152191
5 0.472913 0.735972 0.066933 0.154497
6 0.524870 0.220503 0.058175 0.150077
6 0.525465 0.394889 0.058067 0.138739
6 0.525465 0.558801 0.059364 0.148732
6 0.536711 0.724347 0.060662 0.166603
7 0.589263 0.217141 0.059364 0.138739
7 0.586451 0.390949 0.060013 0.146618
7 0.589533 0.547656 0.058824 0.139892
7 0.598616 0.728190 0.063149 0.156610
8 0.649221 0.218198 0.063149 0.138932
8 0.648032 0.387683 0.061851 0.140085
8 0.652682 0.547656 0.063798 0.142198
8 0.667063 0.722137 0.061202 0.155650
9 0.710856 0.215988 0.067474 0.149885
9 0.709559 0.389892 0.062500 0.148732
9 0.718372 0.545446 0.064987 0.146618
9 0.733997 0.717717 0.063798 0.155650
10 0.774654 0.211568 0.062500 0.141045
10 0.776817 0.382110 0.061851 0.137779
10 0.783088 0.543236 0.068123 0.146810
10 0.800281 0.711568 0.067474 0.156802
11 0.841209 0.210511 0.068231 0.150077
11 0.839317 0.378267 0.061851 0.150077
11 0.851860 0.535453 0.064446 0.146618
11 0.870567 0.704362 0.068123 0.157763
12 0.908413 0.201576 0.068772 0.138739
12 0.903763 0.370484 0.069420 0.143351
12 0.916522 0.529304 0.067474 0.158916
12 0.936581 0.693793 0.072556 0.156610
13 0.479509 0.921022 0.064987 0.155650
13 0.545469 0.917756 0.066933 0.162183