10 0.218804 0.302748 0.077530 0.136626
2 0.289414 0.289873 0.060013 0.135473
8 0.358186 0.268832 0.072556 0.144504
4 0.428525 0.250384 0.069420 0.143351
8 0.498594 0.227709 0.074394 0.144504
7 0.578558 0.211088 0.071907 0.148924
8 0.660467 0.191583 0.080666 0.156802
3 0.746810 0.160550 0.095696 0.147771
4 0.844345 0.138836 0.096994 0.160069
0 0.204423 0.447156 0.077530 0.141045
0 0.276006 0.437644 0.078179 0.135473
11 0.342885 0.419293 0.080666 0.141045
13 0.421064 0.404881 0.090614 0.154497
6 0.498865 0.387106 0.090074 0.154304
6 0.582018 0.369908 0.088776 0.159877
0 0.665820 0.349923 0.107591 0.175634
10 0.754650 0.327633 0.103806 0.182168
1 0.847751 0.295446 0.091263 0.171214
11 0.189663 0.604919 0.085640 0.156802
5 0.259083 0.596080 0.079369 0.152191
6 0.333153 0.580419 0.086289 0.170061
4 0.405709 0.565527 0.075043 0.162183
2 0.486105 0.547656 0.089425 0.159877
4 0.570448 0.535453 0.089425 0.182360
5 0.663333 0.509896 0.092452 0.180054
9 0.763354 0.494908 0.098724 0.174289
7 0.865593 0.486549 0.104455 0.197925
3 0.200638 0.875961 0.076233 0.207725
8 0.276276 0.863278 0.067474 0.200038
12 0.357321 0.857706 0.071907 0.208878
8 0.432958 0.845407 0.086938 0.217717
12 0.521086 0.834935 0.088235 0.220984
13 0.608618 0.829939 0.103266 0.237894
3 0.704585 0.828209 0.098832 0.256726
10 0.800876 0.820427 0.109970 0.261145
11 0.902844 0.812740 0.117539 0.269985