0 0.162522 0.171599 0.097535 0.174481
0 0.165333 0.332148 0.101860 0.164297
0 0.161224 0.511530 0.103806 0.163336
0 0.158413 0.822156 0.091912 0.208878
1 0.250973 0.181015 0.089317 0.173328
1 0.258164 0.349347 0.088776 0.163336
1 0.254433 0.512683 0.092561 0.163336
1 0.246594 0.808801 0.089425 0.219831
2 0.335424 0.193793 0.074394 0.161222
2 0.338506 0.348770 0.075584 0.164489
2 0.338181 0.513259 0.085099 0.162183
2 0.331315 0.792659 0.086289 0.220984
3 0.411981 0.210415 0.073746 0.174481
3 0.418253 0.347713 0.073746 0.157763
3 0.419172 0.511530 0.069312 0.163336
3 0.411062 0.779304 0.081856 0.230015
4 0.482591 0.212625 0.080017 0.158916
4 0.492971 0.354919 0.073097 0.169869
4 0.494215 0.507110 0.071907 0.141045
4 0.487024 0.767102 0.073746 0.227902
5 0.560175 0.512106 0.064987 0.144504
5 0.563581 0.367698 0.061851 0.157763
5 0.553309 0.229919 0.068772 0.157763
7 0.670848 0.243178 0.049957 0.148924
8 0.730536 0.249904 0.059472 0.137779
6 0.617971 0.237125 0.056877 0.147963
6 0.628298 0.367121 0.066285 0.132398
6 0.631434 0.513739 0.071259 0.136626
6 0.619539 0.752690 0.076233 0.194466
7 0.683661 0.747118 0.066933 0.183321
7 0.697394 0.517198 0.061959 0.147771
7 0.692744 0.370388 0.060013 0.138932
8 0.754325 0.376633 0.063149 0.133359
8 0.758975 0.520465 0.062500 0.150077
8 0.743674 0.743755 0.070610 0.178901
9 0.871215 0.125961 0.053201 0.116641
9 0.892193 0.256533 0.052552 0.124520
9 0.945934 0.466564 0.053849 0.148732
10 0.915333 0.146522 0.033737 0.108955
10 0.941555 0.299962 0.047470 0.124520
11 0.952476 0.156610 0.038170 0.111068
11 0.944096 0.041026 0.033737 0.082052
12 0.980644 0.054381 0.034386 0.099923
11 0.978752 0.309281 0.040549 0.127786
5 0.552984 0.754324 0.064446 0.197733