8 0.651492 0.761049 0.080017 0.208878
8 0.653006 0.500480 0.089317 0.136626
8 0.655547 0.337048 0.094399 0.132206
8 0.645815 0.188317 0.091371 0.132206
7 0.571096 0.760473 0.070610 0.205419
7 0.571745 0.499904 0.070610 0.137779
7 0.572070 0.352133 0.076233 0.140085
7 0.572989 0.205419 0.076990 0.142198
6 0.508542 0.219927 0.063149 0.137779
6 0.503298 0.362125 0.064987 0.140085
6 0.501730 0.507686 0.068123 0.142198
5 0.447610 0.233186 0.058715 0.128939
5 0.443231 0.376057 0.056228 0.121061
5 0.443880 0.509896 0.058824 0.124327
5 0.448854 0.754900 0.070069 0.187740
4 0.394788 0.728766 0.063149 0.180054
4 0.387003 0.513259 0.062500 0.124520
4 0.386949 0.378747 0.053741 0.122214
4 0.392950 0.251057 0.056877 0.117794
3 0.331910 0.524981 0.048767 0.123367
3 0.337532 0.732706 0.060013 0.154497
3 0.335099 0.383839 0.056228 0.116641
3 0.339154 0.256053 0.054390 0.118947
2 0.290982 0.272194 0.044334 0.137779
2 0.285683 0.394312 0.043685 0.131053
2 0.286278 0.518255 0.048767 0.123367
2 0.289738 0.731553 0.064338 0.165642
1 0.242539 0.724923 0.047578 0.147771
1 0.236592 0.520945 0.055580 0.113374
1 0.239728 0.406034 0.054498 0.123367
1 0.246918 0.279977 0.047470 0.122214
0 0.199394 0.288240 0.051254 0.112221
0 0.190041 0.400461 0.047470 0.103382
0 0.185013 0.522675 0.041306 0.098770
0 0.195015 0.717141 0.055039 0.138739
6 0.506109 0.759320 0.078179 0.196580