0 0.224427 0.134992 0.078828 0.178901
0 0.225941 0.368274 0.083153 0.178901
0 0.239403 0.577056 0.080017 0.183321
0 0.267571 0.825519 0.077530 0.195619
1 0.289738 0.152671 0.059364 0.141238
1 0.294118 0.370484 0.056877 0.156802
1 0.312554 0.574942 0.064987 0.185626
1 0.342236 0.802748 0.068123 0.190046
2 0.376352 0.578209 0.062608 0.185626
2 0.409170 0.784301 0.060554 0.188893
2 0.358186 0.369331 0.060013 0.154497
2 0.350400 0.164969 0.065636 0.158916
3 0.408899 0.180438 0.060013 0.154497
3 0.417928 0.374424 0.064446 0.157763
3 0.436689 0.567064 0.065636 0.154497
3 0.467615 0.777671 0.069961 0.166795
4 0.520761 0.766526 0.056228 0.164489
4 0.491404 0.564374 0.055039 0.155650
4 0.471075 0.382206 0.058067 0.153344
4 0.460748 0.197156 0.054931 0.154497
5 0.508921 0.203786 0.055039 0.152383
5 0.520761 0.388259 0.058824 0.145465
5 0.541414 0.562740 0.056228 0.158916
5 0.572340 0.750961 0.063149 0.153344
6 0.618620 0.738855 0.060554 0.142198
6 0.588614 0.556015 0.051795 0.143159
6 0.567636 0.391526 0.050065 0.136626
6 0.551417 0.213297 0.050065 0.142198
8 0.698367 0.729919 0.037522 0.175442
7 0.664576 0.733186 0.046280 0.166603
7 0.630515 0.557168 0.051903 0.145465
7 0.609862 0.394889 0.046929 0.138739
7 0.597048 0.228286 0.043793 0.132206
8 0.672091 0.556015 0.041198 0.147771
8 0.648951 0.388739 0.048767 0.131053
8 0.635164 0.235972 0.046280 0.129900
9 0.673010 0.250480 0.040657 0.125480
9 0.685878 0.395465 0.040009 0.124520
9 0.708694 0.550442 0.045631 0.130092
9 0.738051 0.725980 0.044442 0.149885
10 0.774600 0.708782 0.037522 0.126633
10 0.743350 0.552652 0.034926 0.129900
10 0.721507 0.400942 0.031250 0.126633
10 0.707721 0.251633 0.028763 0.118947
11 0.740863 0.263739 0.036224 0.107802
11 0.755244 0.398251 0.034926 0.125480
11 0.778709 0.552748 0.031899 0.136626
11 0.808715 0.710415 0.040657 0.129900
12 0.844669 0.704939 0.037522 0.127786
12 0.814609 0.543716 0.038819 0.116641
12 0.791793 0.398251 0.035575 0.118947
12 0.776492 0.267102 0.033737 0.112221
13 0.654898 0.913240 0.055688 0.157763
13 0.598292 0.924289 0.056228 0.142198