10 0.178471 0.258263 0.078179 0.134512
2 0.256596 0.233762 0.088235 0.136626
8 0.349157 0.209839 0.090614 0.133359
4 0.443231 0.184377 0.070069 0.155457
8 0.528276 0.163240 0.073854 0.137779
7 0.621432 0.137683 0.076341 0.160069
0 0.209126 0.391045 0.096886 0.144504
11 0.295956 0.363855 0.085640 0.136626
2 0.382299 0.348194 0.110619 0.161030
6 0.485456 0.324942 0.104347 0.163336
6 0.571691 0.302075 0.098183 0.171022
0 0.682742 0.281034 0.102509 0.186587
11 0.196583 0.553805 0.103157 0.174481
5 0.287846 0.530457 0.091912 0.172367
6 0.402898 0.513836 0.115701 0.196772
4 0.532980 0.495388 0.104455 0.213297
2 0.641436 0.470407 0.118728 0.214450
8 0.178741 0.881630 0.102509 0.203305
7 0.287576 0.869331 0.087478 0.220984
3 0.396356 0.874327 0.093750 0.233282
10 0.514219 0.868274 0.110619 0.238855
12 0.625541 0.871637 0.114403 0.254420