10 0.238160 0.344350 0.107591 0.175634
2 0.337532 0.342141 0.095048 0.171214
8 0.443231 0.329939 0.087587 0.171022
4 0.536116 0.324942 0.086938 0.165642
8 0.628622 0.308224 0.075584 0.169869
7 0.712749 0.300538 0.077530 0.163336
0 0.298821 0.507110 0.109970 0.165642
11 0.400735 0.499327 0.103806 0.172367
2 0.493242 0.479343 0.093750 0.161222
6 0.596129 0.466564 0.090614 0.159877
6 0.680796 0.459358 0.081315 0.174289
0 0.770869 0.453305 0.084991 0.182168
11 0.300065 0.670446 0.115052 0.161030
5 0.404466 0.658244 0.098724 0.161222
6 0.523248 0.644312 0.092561 0.171022
4 0.645815 0.632686 0.083802 0.170061
2 0.743026 0.630477 0.099373 0.169869