12 0.706801 0.187644 0.065636 0.137779
12 0.706153 0.351556 0.069312 0.154304
12 0.716804 0.529881 0.068123 0.151230
12 0.742755 0.730976 0.073746 0.184473
11 0.655223 0.537759 0.058715 0.157763
11 0.675227 0.732129 0.066285 0.184473
11 0.644572 0.358859 0.058824 0.146618
11 0.646734 0.199942 0.056877 0.137779
10 0.592993 0.204362 0.048227 0.131245
10 0.590506 0.363759 0.051903 0.141045
10 0.596453 0.543236 0.056228 0.157955
10 0.612024 0.732610 0.062500 0.178901
9 0.551687 0.737702 0.056877 0.173328
9 0.539846 0.546599 0.056985 0.155457
9 0.536711 0.374904 0.053093 0.141045
9 0.541685 0.218870 0.049416 0.133359
8 0.496378 0.226556 0.047470 0.133359
8 0.486700 0.389316 0.051903 0.152191
8 0.486375 0.553805 0.053849 0.149885
8 0.496378 0.733186 0.055039 0.168909
7 0.441393 0.729439 0.052552 0.163336
7 0.436365 0.550538 0.045091 0.143351
7 0.436094 0.392679 0.045631 0.127786
7 0.448259 0.234915 0.047470 0.116641
6 0.403871 0.244331 0.046280 0.117794
6 0.391058 0.399885 0.044442 0.131053
6 0.388895 0.556591 0.048767 0.144312
6 0.389814 0.730400 0.045631 0.163336
5 0.337911 0.730976 0.046929 0.151038
5 0.336667 0.561011 0.043144 0.148924
5 0.343804 0.408244 0.042496 0.132398
5 0.360402 0.252114 0.044334 0.126826
4 0.317258 0.259416 0.046929 0.112221
4 0.299146 0.415450 0.036873 0.122214
4 0.291577 0.564374 0.043144 0.131053
4 0.294118 0.733762 0.049308 0.150077
3 0.248162 0.735396 0.046280 0.144504
3 0.250054 0.571003 0.045091 0.140085
3 0.260381 0.421022 0.044334 0.131053
3 0.278817 0.268255 0.041198 0.125673
2 0.238160 0.269889 0.036224 0.120100
2 0.216912 0.430438 0.041306 0.123367
2 0.206910 0.574366 0.041198 0.128747
2 0.204098 0.733762 0.049416 0.150077
1 0.161873 0.738182 0.043685 0.156610
1 0.169388 0.576576 0.045091 0.126633
1 0.183445 0.431015 0.044442 0.124520
1 0.200962 0.279304 0.041847 0.116641
0 0.159656 0.289873 0.048119 0.120100
0 0.139381 0.438221 0.042604 0.118947
0 0.126244 0.575519 0.048767 0.122214
0 0.116566 0.740392 0.044334 0.143351
13 0.336019 0.915450 0.066933 0.162183
13 0.397005 0.912183 0.066285 0.164489