0 0.274113 0.279400 0.089317 0.141045
0 0.272870 0.428709 0.098075 0.153344
0 0.266328 0.593198 0.102509 0.153344
0 0.255677 0.893832 0.073854 0.218870
1 0.350995 0.284877 0.085640 0.136626
1 0.354455 0.436011 0.082612 0.156802
1 0.355104 0.584935 0.080017 0.154497
1 0.342236 0.882110 0.074394 0.217717
2 0.428201 0.281034 0.075043 0.140085
2 0.435391 0.429381 0.083153 0.150077
2 0.431661 0.584935 0.075692 0.149885
2 0.426957 0.876633 0.078828 0.235588
3 0.502920 0.274404 0.075692 0.131053
3 0.511083 0.425442 0.084451 0.164489
3 0.512327 0.585992 0.085640 0.158916
3 0.512597 0.870484 0.088776 0.245580
4 0.575476 0.269312 0.073097 0.147771
4 0.588938 0.416026 0.076233 0.158724
4 0.592993 0.571580 0.085640 0.174289
4 0.593912 0.861068 0.085099 0.233282
5 0.679606 0.861549 0.097535 0.236549
5 0.675497 0.566583 0.079369 0.171214
5 0.667117 0.409877 0.083802 0.139892
5 0.648302 0.263836 0.076233 0.132206
6 0.729888 0.258263 0.068123 0.134512
6 0.749622 0.403248 0.072556 0.157763
6 0.756758 0.567736 0.071907 0.166603
6 0.760867 0.849923 0.091371 0.222137
7 0.848075 0.850500 0.095588 0.232129
7 0.841858 0.562644 0.088127 0.172175
7 0.830612 0.398828 0.076881 0.166603
7 0.809040 0.260473 0.080017 0.150077
8 0.883434 0.240392 0.078720 0.152191
8 0.912792 0.386049 0.082504 0.149885
8 0.930634 0.554381 0.083153 0.173328
8 0.936527 0.847713 0.102509 0.237702