0 0.161278 0.230400 0.056337 0.143351
0 0.153763 0.397098 0.058824 0.147771
0 0.141544 0.556495 0.055580 0.142198
0 0.135921 0.718774 0.058175 0.144312
1 0.221615 0.226076 0.053093 0.136626
1 0.215668 0.389412 0.055039 0.138932
1 0.209991 0.554958 0.057526 0.143351
1 0.203449 0.721656 0.060662 0.147771
2 0.281628 0.226076 0.053093 0.138932
2 0.278763 0.387106 0.057526 0.136626
2 0.275681 0.547656 0.055039 0.142198
2 0.273140 0.723290 0.062500 0.151038
3 0.340398 0.217621 0.055580 0.137779
3 0.339749 0.386049 0.055580 0.143351
3 0.342561 0.549865 0.057526 0.146618
3 0.339425 0.722713 0.056228 0.154497
4 0.399438 0.217141 0.052552 0.141045
4 0.401330 0.382110 0.056337 0.140085
4 0.405385 0.543236 0.058175 0.142198
4 0.404141 0.715507 0.059364 0.148924
5 0.460424 0.208205 0.055580 0.138932
5 0.461721 0.379420 0.058175 0.136626
5 0.464208 0.541026 0.058175 0.146618
5 0.470480 0.708878 0.063149 0.153344
6 0.522599 0.207148 0.057526 0.141045
6 0.523248 0.373751 0.058824 0.134512
6 0.523897 0.534301 0.056228 0.140085
6 0.536386 0.692736 0.061311 0.154497
7 0.586127 0.198213 0.059364 0.138932
7 0.584829 0.368178 0.059364 0.143351
7 0.586721 0.523828 0.063149 0.145657
7 0.597048 0.698213 0.064987 0.154304
8 0.644896 0.197733 0.058175 0.151038
8 0.644896 0.366545 0.063149 0.135473
8 0.649600 0.518255 0.064987 0.143351
8 0.663927 0.691583 0.062500 0.154497
9 0.706477 0.198789 0.056337 0.133167
9 0.704585 0.364912 0.061202 0.138739
9 0.713019 0.518255 0.064446 0.143351
9 0.728644 0.686011 0.064338 0.149885
10 0.768977 0.192160 0.058715 0.131053
10 0.770275 0.359915 0.061311 0.135665
10 0.777411 0.515469 0.064338 0.140085
10 0.794010 0.678805 0.073746 0.155457
11 0.833369 0.187644 0.062500 0.148924
11 0.832450 0.353862 0.065636 0.136626
11 0.843750 0.508839 0.063149 0.144504
11 0.863754 0.673809 0.068123 0.152383
12 0.900303 0.181591 0.068772 0.134512
12 0.895923 0.347137 0.063689 0.138932
12 0.907494 0.498174 0.066933 0.147771
12 0.927822 0.657091 0.071259 0.147771
13 0.478590 0.887106 0.063149 0.161222
13 0.545740 0.883839 0.063798 0.156610