10 0.328233 0.166026 0.088776 0.189854
2 0.414792 0.197636 0.065744 0.180054
8 0.493891 0.227133 0.069961 0.169869
0 0.556445 0.246541 0.062500 0.164489
10 0.619593 0.266045 0.068772 0.165450
4 0.678958 0.289873 0.058824 0.157763
13 0.733348 0.304862 0.057526 0.156610
7 0.784602 0.318217 0.052552 0.141045
2 0.833694 0.338297 0.058175 0.136626
0 0.327909 0.334358 0.093101 0.155650
7 0.411981 0.354343 0.072448 0.182168
5 0.492052 0.368178 0.066285 0.163336
8 0.563906 0.386049 0.056228 0.152191
0 0.631163 0.412663 0.051903 0.134320
11 0.690852 0.419869 0.070069 0.135665
12 0.747405 0.433801 0.061851 0.134320
8 0.796551 0.448213 0.048767 0.127786
3 0.847481 0.458205 0.055688 0.130092
11 0.330396 0.512683 0.089425 0.196772
5 0.422902 0.520945 0.079369 0.184473
3 0.502920 0.541026 0.068123 0.171214
13 0.576719 0.549289 0.068231 0.170061
10 0.644301 0.558224 0.065636 0.161030
0 0.703666 0.567736 0.054390 0.160069
9 0.763354 0.580995 0.064987 0.137779
7 0.814284 0.590411 0.049416 0.138932
6 0.871269 0.596560 0.054390 0.137779
4 0.307850 0.842141 0.101860 0.253459
12 0.402303 0.842621 0.090722 0.254420
2 0.481347 0.839931 0.082504 0.262106
1 0.556985 0.835511 0.086289 0.255573
7 0.623324 0.835992 0.078828 0.238855
6 0.681445 0.832148 0.068772 0.222329
11 0.743026 0.825999 0.071907 0.205419
8 0.798713 0.822733 0.049416 0.201191
6 0.847156 0.818793 0.062608 0.182168